-51.283070	-39.055149
-0.814685	-22.654356
1.839734	27.882874
35.192089	46.215195
-13.547482	-33.287331
19.062859	2.505251
-39.640343	62.570087
38.366680	-49.493057
-48.984356	26.781328
11.355865	33.436501
22.811174	1.373107
-52.246922	-19.881369
23.404020	19.686304
-46.788914	47.175220
31.413174	-4.987554
28.433647	-54.580055
-41.671318	-9.504656
27.148510	46.907486
-46.391136	-40.466503
-50.804966	-42.658119
-59.510239	-36.695240
55.639530	3.694768
56.836693	54.614479
-20.451265	-30.388124
-47.469730	-42.616047
-46.073677	1.904756
-28.984419	-13.084680
-53.547356	25.993418
35.972351	-43.656395
-52.074806	-38.404930
22.608459	21.036461
-38.684139	-40.803085
-58.806473	-44.371635
55.716026	-59.399319
-47.553879	-61.789825
46.329937	-37.016521
-39.204315	13.597204
30.483746	-46.750668
-42.589272	-17.280497
35.930275	-48.028152
28.877325	-21.151205
55.593632	-44.757942
-50.931187	-47.339687
-23.438442	19.116405
-40.852810	20.600433
0.344233	-45.480831
-56.071732	6.154121
29.397499	-7.282441
-42.245041	-54.155502
44.777065	-18.680378
20.187353	28.548391
53.210773	-2.639120
47.033703	3.358184
-0.807035	-62.562435
-32.300529	33.914600
-25.052513	-31.275482
17.028059	26.475344
-4.073424	27.553940
-0.676992	36.274509
50.694046	-1.266013
19.345896	32.801582
-56.519234	15.555508
-26.027840	-0.822334
14.297144	7.068251
48.705147	24.968369
13.968210	-11.061354
-3.702417	-7.703170
-58.542561	-4.956955
53.444088	17.739475
10.074553	30.216009
-45.454056	-14.610779
16.450514	7.244193
-14.691100	31.302256
19.529486	39.908081
-2.168668	-43.817036
-23.094210	-16.955389
54.113430	5.159670
53.073082	-35.260933
-26.850174	48.884911
-41.403580	-59.437565
57.173279	-10.254319
2.991002	-2.853309
-54.010159	18.565634
-35.605167	61.625359
5.633947	36.297459
-37.211590	-7.787316
-55.719849	-0.692291
-58.871494	-40.133743
-61.055462	1.529925
61.242878	-34.450073
-31.336678	-27.970844
-2.547324	32.438225
5.607173	57.268898
61.437943	42.883781
18.466188	62.635109
10.701821	7.450732
58.320721	25.132835
-21.897043	-13.383015
7.951783	41.193218
1.438129	-48.995831
16.748848	42.834061
-41.334736	54.082832
-51.045929	27.400948
22.298649	-26.039314
-4.700693	55.513309
54.610653	54.105778
23.813274	21.086184
62.539490	17.005110
-54.763645	12.059629
8.517855	-14.082954
47.343513	12.365615
-31.776531	-35.280060
-60.860397	14.431013
59.406967	4.379409
-52.912437	44.784714
4.765715	-36.679939
-30.315454	43.985329
9.122174	-37.747063
8.617300	-19.158480
56.446564	-60.596485
14.744647	16.794746
59.024487	33.398251
8.479607	-27.569239
-30.369001	-50.992382
-7.152397	42.631344
33.019596	35.719913
-7.871461	7.033828
36.936203	-21.633133
-15.042982	10.307866
-5.079350	-39.613571
-60.439667	33.539768
-6.865536	-51.692322
-29.412798	3.316111
4.157570	-47.270844
-52.082455	41.044048
31.979246	47.653324
-44.417534	41.820484
12.457410	-4.501803
-41.223816	16.970688
-9.776217	28.334202
-54.251122	49.860237
-12.132301	14.645202
-47.634197	22.333073
37.911530	3.495878
-53.891590	31.225760
51.879738	57.272724
-27.144686	-33.375301
-36.985924	-0.895006
2.734740	33.023418
3.882183	39.751263
-0.654043	-6.697245
-17.861868	20.730476
-49.929085	33.474747
2.379033	56.094681
11.355865	-14.228297
36.381603	38.301659
34.629841	-34.614540
-53.474686	17.005110
-55.769573	20.156755
-37.276611	-44.126846
-43.071198	-8.881211
27.806377	61.969593
34.186161	-62.103458
-57.119732	52.025082
-31.612064	-41.678967
49.504532	-58.477539
39.204315	52.331066
24.314325	-20.768724
-27.664860	-59.888893
-58.404869	44.436657
11.516506	60.370819
51.459011	14.740823
-43.916481	24.004515
45.190144	43.067375
-25.021915	10.403486
20.646332	-4.245541
52.124527	2.979528
33.998745	-1.671443
-5.905509	-30.143337
-50.602253	-37.773834
-11.680973	22.237452
-17.900116	39.009251
8.055053	21.789949
12.040505	0.699940
57.766125	50.908237
-56.611031	-5.882560
56.419788	-36.217136
-61.005737	41.139668
-26.326176	58.833244
48.031979	-19.154655
19.173779	-37.490799
61.036339	-17.272848
-4.111672	20.929367
-12.082579	-57.081482
-0.933254	33.333229
-12.071104	23.373421
-57.590183	-0.042073
21.751701	19.223501
-32.338779	-25.821301
60.030411	-60.458790
-28.720507	56.913189
-9.466408	-11.845440
58.244225	-51.623478
-0.569897	-10.877763
-22.027088	43.587547
-30.250431	-21.652256
60.301975	18.902218
14.557232	23.935669
-16.037434	19.885193
59.361069	13.482459
26.647459	-38.477600
-10.319341	-51.466660
0.917955	-57.177101
-25.679783	32.977524
35.169140	25.232279
38.385807	-58.852371
40.187290	-22.176256
51.730572	-37.081543
11.960185	35.700787
-44.161270	25.450294
-25.775402	22.688780
30.101265	-24.689156
25.060163	41.900806
-36.224789	59.613506
37.100670	-50.552528
-50.827915	-19.200552
55.673950	-24.448193
-56.033485	-50.709347
-27.810202	36.500172
11.661849	-51.451359
14.886166	-24.727404
56.714302	43.476627
-26.792803	-45.193970
56.458038	-31.007744
-50.280968	53.512932
58.695553	48.571278
17.341694	-6.781390
26.406496	-3.973979
-20.596609	-6.831113
-52.239273	-5.067875
-13.887890	-44.842087
12.866665	3.407907
-19.789574	-4.203467
-54.109604	44.302788
37.024174	-60.994263
-5.955231	-13.677525
25.618586	-38.894505
-21.151205	-17.181051
22.172430	-4.471204
5.557451	10.843340
-26.735430	-39.345833
6.035552	12.671599
8.188921	-39.888958
21.285074	-50.204472
51.596703	-22.092110
10.724771	21.652256
-38.458477	10.831865
-44.830612	58.913567
-13.425087	28.800829
-8.559928	-49.936737
3.067499	-40.057247
-28.544565	39.800987
-35.039097	48.988182
32.028969	-0.772612
50.215946	-5.098474
-60.925419	-5.630122
53.585606	-26.402672
45.614700	20.979090
19.212027	-53.532059
-1.923880	-21.162680
33.379128	-15.547857
35.536320	-11.837790
42.944981	13.761671
13.746371	12.040505
1.067122	-41.671318
-4.027526	42.107346
49.057030	36.760262
-16.129229	-3.828636
-46.452332	-8.200396
27.618961	11.309967
-24.551464	-40.608021
-54.132553	28.032042
24.620310	19.353544
8.399285	27.951721
60.692104	-2.386682
-13.103804	-40.137569
2.306361	-49.730194
-60.103085	-21.135906
-2.761514	-0.141518
-5.289714	38.186916
28.479544	20.967615
-8.479607	32.067219
-24.318150	-4.486504
-46.440857	-46.765968
44.585823	22.206854
-40.810734	-19.954041
30.101265	28.624887
-55.432987	-46.547951
-10.418786	2.195442
-10.740070	-19.789574
60.091610	-57.704926
25.806002	-8.517855
35.456001	3.610622
-32.992821	31.592941
-17.498510	-17.873343
5.840487	-62.623634
-13.918488	-58.703201
-62.206730	51.443710
19.120232	30.732359
48.965233	5.377685
30.544943	49.986458
59.024487	-36.110043
42.302410	-54.832493
54.725399	8.647898
25.308775	-21.334797
2.019500	37.349281
34.920525	38.905979
54.679501	58.718502
52.786221	9.875663
8.579052	23.067436
20.937017	-2.734740
-60.661507	-33.279682
-19.246450	-10.177823
-19.349720	3.457629
-11.015456	-60.956017
-24.482616	-54.886040
18.286423	10.476158
-8.624949	-34.786659
-12.683074	-54.817196
-4.685394	22.248926
2.512901	41.988777
56.381542	-42.114998
-46.077499	-58.259525
-2.218390	-8.093301
51.229523	-19.835470
-8.678496	19.965515
-61.690380	37.230713
14.297144	-57.437191
-22.149481	22.960342
37.070068	57.965015
-37.043297	60.925419
-10.392012	-12.396214
-24.647083	-2.688842
-3.427031	54.476788
25.740980	56.863468
54.503559	-51.413113
16.733549	-21.426592
-7.248017	-21.170330
62.210556	-5.859611
47.431484	-30.827978
7.263317	25.232279
8.047402	-34.985550
7.316864	-52.522308
-47.446781	55.738976
41.778412	-61.001915
21.556637	-13.451861
32.943100	23.560837
-11.470609	-6.253566
-21.644608	-45.848011
-12.009907	-37.433426
-6.131172	49.026428
-42.061447	9.940684
-51.986835	-6.035552
36.404552	23.189831
-51.160675	16.871243
-48.513905	21.281250
10.988683	47.209644
57.318623	-44.444305
59.185127	34.503620
18.267298	-24.513214
24.027464	-10.043954
18.317020	37.146568
47.595951	-8.376336
18.171679	-56.982037
-27.416246	-46.463806
39.839233	44.429008
4.582124	-22.910620
-14.197700	33.520645
48.410637	-42.558674
25.748629	23.794151
-36.121517	27.603662
59.338120	-15.838543
25.928394	8.307490
3.648870	-42.428631
33.818981	28.192684
-46.394958	34.090542
-47.075775	-11.615952
45.530552	-40.814560
53.180176	58.163902
-5.293539	-38.588520
22.608459	16.217199
8.789416	17.858044
23.629684	-17.288147
-37.613194	13.145876
-28.196508	-38.905979
0.531649	-35.498074
-48.249992	37.177166
21.449541	18.121956
-16.507885	-5.041101
-23.419319	-47.251717
40.550648	-48.605701
-33.467098	54.840141
-57.356869	-23.323698
2.061573	-58.588459
-51.749695	24.134560
-20.573660	-34.388878
-62.508888	-46.612976
2.604697	-47.592125
-37.900055	-36.014423
-24.696806	-0.447503
-44.995079	-4.888109
-16.045082	24.746529
44.723518	58.263348
-35.892029	-38.886856
-28.624887	58.110355
21.273600	52.529957
-9.409036	9.393736
-20.669279	-26.716307
18.404991	23.312223
-10.579428	8.999781
51.336617	-5.905509
-49.313290	-51.554630
-6.968806	-59.032135
-44.436657	-36.549896
-35.838482	40.126095
-61.082233	-29.879425
57.509861	-29.481646
-4.497978	-52.070980
-17.754774	-30.059191
-0.042073	-49.871712
-16.940088	33.643040
-27.997618	-36.110043
22.126534	-59.976864
14.943538	47.752769
35.100292	-1.617895
-60.956017	58.072109
13.734897	-8.223344
-9.910086	-22.061512
36.347179	-53.015709
-58.993889	15.861492
-26.295578	60.110733
24.715931	5.955231
38.978649	-13.394489
-2.558799	-31.168386
6.242092	14.721699
14.082954	-28.609589
-44.115372	-50.609901
12.549206	-24.528515
-30.036242	4.708343
27.125561	-24.088661
-41.258240	-49.198547
51.328968	12.568330
-9.535254	14.870866
-32.709785	62.436218
19.850771	58.882969
-19.502712	-32.736561
-41.786064	-55.941689
-16.171301	-60.883347
-36.771736	-57.666679
-2.738565	-19.954041
30.751482	-2.585572
-42.826412	38.401104
-21.992664	-21.097658
-27.653385	-54.209049
24.295200	23.782677
14.847918	60.562061
-4.647146	48.563629
33.379128	55.306770
21.912344	-47.592125
-52.434338	-50.514282
-3.094272	-37.639969
6.425683	-48.487133
0.619619	39.571495
33.815155	26.635984
9.592627	-51.738220
-18.003386	-44.780891
12.809293	-11.990783
-56.729599	24.593536
-20.340345	-39.647991
-33.769257	-44.168919
-26.666584	0.531649
2.639120	-32.587391
-38.286362	38.244286
-15.888266	56.297398
-7.427783	15.999186
15.364266	43.755840
-12.488008	57.639904
-9.485532	31.818604
17.685926	27.351225
21.338621	8.089476
-33.872528	49.194721
-22.421043	-49.072327
-55.677776	-37.678215
8.915635	-28.800829
7.967082	1.407531
23.381071	-49.994106
6.134997	-51.195099
-9.489357	-39.047497
-40.569771	-41.579521
-7.932659	-54.419415
46.723892	47.186695
8.674672	55.830769
-30.617613	-49.982632
-5.454181	6.865536
31.244883	-31.118664
-22.065336	-17.972788
-12.484184	54.698624
-52.977459	1.113020
43.671696	42.160892
15.501960	-38.179264
14.847918	14.767596
35.039097	60.328747
-36.729664	49.171772
23.159231	-5.488604
-48.735744	-0.967677
-39.609745	-10.984858
-30.120388	45.339314
49.932911	54.534157
44.987431	-54.748348
36.412201	-26.697182
-41.874035	26.678059
-43.205067	-40.680691
35.260933	-20.179705
52.166599	38.179264
20.952316	41.564224
9.462583	18.951939
55.769573	21.606358
18.787472	35.172962
-53.727123	-58.527260
-0.053547	60.894821
5.813713	-28.242407
57.100605	3.759789
39.127819	47.454433
19.139355	34.216763
-0.489576	-20.049660
-3.358184	-4.379409
19.651880	-55.689251
-61.610058	61.001915
-39.089569	29.726433
-6.980280	-22.811174
-57.984138	-14.928238
34.671913	-60.558235
-13.222372	-21.854971
32.958397	61.250526
1.028874	-8.839139
2.126595	-21.449541
-43.671696	-60.497040
-21.564285	36.213314
8.930934	30.365175
-5.511553	-15.532558
34.698689	42.788162
54.744522	31.390226
-26.039314	-48.525379
16.454338	22.749977
31.646488	15.586105
-2.868608	41.361507
11.267894	24.754179
-39.709190	48.896385
-13.386839	-43.908833
37.486973	-55.823120
11.596828	52.216324
-29.867950	32.499420
38.316959	-2.291062
-36.523121	20.214127
-36.416027	53.612377
-44.505505	53.616203
42.937332	31.657963
-34.480675	-37.035648
8.269242	13.968210
-0.864407	-53.811268
-20.045835	-60.489388
6.724018	20.738127
-13.520708	44.314262
-48.376213	25.668308
60.558235	-19.693953
-45.377560	-30.732359
3.044550	59.693829
59.777973	61.480015
-44.279839	44.669971
8.100950	25.836599
-50.380413	-49.439510
-45.545853	9.229269
-50.242722	-33.708061
6.922908	-14.140327
-32.258457	-13.191773
-28.930872	21.132082
44.700569	-28.881149
39.498825	-42.237389
22.849422	31.088066
-32.116940	-1.763238
-30.873877	25.044865
39.567673	-35.880554
57.180927	50.009407
-47.672447	-46.291691
-47.668621	-4.390883
44.696743	38.175442
46.957207	9.317240
-26.295578	8.100950
-15.628179	42.814938
43.476627	40.225540
40.237015	47.351162
30.893000	-56.836693
56.721951	-23.120983
60.757126	-37.804436
50.977085	-38.290184
44.903282	51.390163
-3.354359	-25.599461
36.282158	-8.563752
14.136502	39.150768
61.131958	-28.445122
-27.179108	26.245855
-12.751921	52.197197
15.586105	-40.810734
-30.185410	-12.354140
-2.321661	-46.329937
37.521397	-36.649342
27.944071	13.134401
-33.650688	-16.764147
52.981285	44.513153
-25.010441	11.508857
-28.709032	33.669811
10.778318	57.146503
15.016209	-51.646427
-4.735116	-58.860020
21.610184	56.186478
-26.410322	54.641254
57.777599	8.548453
-4.134621	38.596169
9.623225	23.055962
-30.617613	57.364517
38.672665	-30.093615
33.945198	1.732639
-19.384144	0.608145
-55.394741	40.424431
-37.632317	28.460421
19.296173	-13.891714
-61.590935	-55.417690
5.075524	17.796846
45.901558	9.470233
49.734020	-25.106060
-19.051384	45.320187
7.194470	15.421638
47.458256	2.390507
10.116626	-20.868170
-49.714897	23.239553
42.118820	-2.746214
-10.495282	-53.784496
-60.952190	-59.705303
-24.517040	6.651347
58.316898	-4.991379
20.210302	45.117474
35.230335	-38.137192
28.598114	-16.075682
1.093896	-59.766499
39.911903	9.122174
52.862717	-7.443083
-2.386682	-39.361134
-32.224033	-49.275043
-30.108913	2.401981
-34.036995	-36.075619
25.725679	-55.589806
2.581748	-56.752548
36.829105	40.634796
21.755526	6.226793
-11.046055	8.043578
32.507069	-48.701321
-55.096405	-32.032795
57.701103	-9.294291
-7.913534	55.031384
-56.412140	13.677525
-37.796783	27.454494
52.296642	52.977459
31.091890	48.513905
25.603287	39.024548
3.798038	13.023482
-45.281940	-9.152773
50.808792	47.320564
53.589432	38.982475
32.686836	1.147443
54.098129	3.388783
0.210365	-12.522432
-9.653824	-44.497852
-28.502493	1.533749
52.059505	46.429382
-10.105151	-24.176632
-36.354832	36.989750
22.979465	-61.120483
33.669811	12.239396
-20.837572	-11.925761
-61.743927	-26.196133
-56.278271	35.796410
-0.462802	-31.979246
60.657681	-8.410760
28.257706	1.897106
48.571278	39.498825
11.355865	-61.304073
30.835629	-19.395618
-30.575541	3.828636
36.270683	57.230652
6.372136	-37.754711
-23.996866	-27.179108
6.823463	-20.753426
-40.711292	28.024391
3.480578	-27.316801
-3.319936	-41.047874
43.446030	-32.962223
-50.992382	12.059629
-52.365490	55.991413
57.823498	45.817413
-1.285137	7.947958
-45.836536	19.441515
-54.427063	-13.233847
35.960876	36.771736
32.881901	33.708061
46.815689	-51.095654
44.295139	36.783211
7.270966	38.940403
1.445779	-37.540524
-57.693451	27.274729
44.685268	-44.650845
-62.187607	-30.315454
-11.868389	-62.638935
-7.423959	-53.229897
45.664421	10.885413
-44.149796	36.002949
47.645672	-45.993355
10.273443	25.779228
-44.715866	-32.105465
23.094210	23.832399
3.553250	-8.276892
61.805126	-15.318369
45.993355	-2.348434
45.006554	-42.023201
-22.887671	-35.949402
2.317836	-24.100136
-41.415054	5.396809
9.615576	46.138699
31.554693	2.776813
-17.200176	17.418190
-43.136219	43.824688
24.153683	52.204849
50.839390	24.884222
-23.304575	-42.596924
61.449417	51.826191
-6.632223	11.554754
50.667274	-50.089729
-1.028874	31.214285
-53.830395	-42.355961
-35.911152	-50.143276
21.170330	-51.374863
-25.871023	-42.072922
57.831146	-27.182934
44.631721	61.575634
-47.817791	-18.404991
19.724552	18.665079
21.820547	57.903816
-10.078378	-19.032261
-17.146629	-24.796251
46.899834	-4.115497
41.701916	10.935135
-10.522056	-35.750511
34.775185	-28.716682
8.965358	43.851460
-11.895163	-28.173559
-7.787316	61.372921
17.322571	-61.319374
31.214285	-58.121830
57.479263	-4.004577
28.207983	-30.850927
-17.460262	3.495878
49.982632	-35.241810
-23.847698	-20.466564
-0.179766	-17.747124
-59.961567	58.599934
41.656017	-49.913788
42.635170	17.946014
-55.681602	31.000095
-15.635828	14.633728
-41.606297	-62.344421
10.805092	-10.414961
27.309153	-2.723266
38.810360	27.060539
55.222626	25.021915
24.899521	28.131487
3.174593	-44.165096
50.154751	26.723955
-35.169140	32.946922
31.650312	-62.057564
42.566322	-25.836599
-18.336145	1.457253
26.379723	5.117598
54.476788	-49.906136
13.838167	46.903660
26.658934	37.486973
32.518543	18.167852
51.745872	-42.153244
29.531368	27.190582
15.348968	-2.761514
-20.868170	10.805092
14.274196	55.452114
51.998310	-57.089130
-31.237232	-45.213093
9.317240	12.499483
-1.862683	43.090324
16.580557	13.019657
-52.912437	-32.820705
-51.623478	39.735962
-9.072453	-61.200806
-51.638775	18.370567
-26.387373	45.270466
34.492149	-30.785906
-21.721104	7.557827
-54.186100	30.196884
-40.646267	48.380035
-26.517416	-56.259148
43.036777	12.132301
-18.416466	-32.927799
-60.462616	-37.410477
-49.623100	-6.658996
3.293162	23.419319
42.160892	-62.401794
21.254477	16.756498
-33.203186	-54.629780
9.087751	-54.109604
62.195255	-58.603756
33.310280	16.714424
9.741795	-22.684956
-20.145281	-58.389568
27.473619	30.724709
31.745934	60.424366
0.267737	53.107502
-11.160799	-49.772266
42.271812	48.938461
5.813713	-13.344767
-20.279148	47.312916
-44.490204	-41.353859
20.145281	43.392483
31.612064	42.822586
-54.342918	20.849047
-27.102612	57.735527
0.065022	-38.114243
10.560304	-32.901028
12.250871	29.141237
19.514187	-2.329310
60.833622	28.659311
17.192526	-26.911371
-18.248175	-37.115967
24.245478	60.825974
25.576513	16.951563
-4.058125	53.673576
20.917892	13.581904
-30.759132	9.470233
-22.596985	-61.610058
6.440982	-2.826535
-44.991253	18.412642
-31.898926	39.537075
-16.878891	-16.852118
16.022135	51.990658
30.556417	56.679878
-6.823463	-0.493401
11.833966	3.247265
15.479011	-7.619024
39.154591	-25.844250
-17.452614	-39.510300
-4.536226	-12.992884
-18.875443	42.581623
57.567234	7.366586
-38.121895	6.027903
16.278397	-54.465313
51.734398	-23.740602
11.539455	55.119354
-19.284698	-22.570211
49.726372	-31.898926
30.120388	37.127441
-60.619434	20.646332
47.255543	-60.500862
-60.592659	-62.111111
43.453682	-48.575104
38.389629	-44.413708
-17.781548	-11.076653
-38.519672	35.387154
40.581245	-31.864502
20.531586	-6.636047
-35.482773	-18.424116
-45.978054	43.159168
27.901999	-12.132301
-18.623005	-60.986614
-36.427502	5.955231
32.595039	-59.808575
-21.288898	-54.484436
23.966267	49.768444
-3.331411	-43.331287
-6.291814	22.126534
60.179581	-54.342918
-59.927143	5.037276
-2.390507	37.112144
-54.545631	-33.015770
56.484814	-17.131329
60.588833	58.944164
25.549738	-35.949402
22.294825	-7.760542
37.291908	61.422642
3.377308	-26.165533
-35.237988	-32.713612
47.198170	-56.534534
-32.721260	-42.547199
10.338465	-28.640186
-38.435528	17.005110
48.498608	54.247299
-26.050789	4.459730
50.759071	38.320782
19.074333	-32.621815
-27.852276	27.347401
-17.100731	-45.564976
10.873939	-50.345989
60.738003	55.299122
-51.459011	-0.413080
0.225664	57.326271
44.669971	-21.942942
-0.994451	59.556137
58.175377	-61.927517
-14.606954	19.583033
-14.951187	37.716465
11.654200	-55.367966
17.525286	57.475437
-21.977365	-35.096466
-41.078472	-57.066185
38.512024	-40.588898
-36.289810	44.184219
23.660282	-12.572154
10.789792	16.985987
-4.589774	-44.536102
40.925480	-7.121799
11.091952	27.683983
-5.523027	42.849361
-6.601624	-33.677464
39.257862	38.033924
57.326271	-58.722328
59.219551	43.449856
-53.727123	4.899583
12.071104	25.859549
-3.247265	45.258991
-40.420605	18.932816
49.799042	44.145969
-22.317774	-42.222092
16.113930	5.748691
1.327209	61.843372
-20.891119	23.828573
-52.981285	-15.238048
4.597423	-41.931404
12.866665	52.346367
37.739410	-57.666679
-58.569336	-25.381447
-42.390381	53.700348
-57.238300	-3.396432
-24.486441	14.958837
-33.669811	-28.930872
-11.658025	-47.343513
-7.102674	-60.122208
-19.299997	20.979090
-50.529579	-45.557327
-2.960404	-5.473305
-5.905509	-57.632256
48.751045	60.986614
41.778412	-42.738441
-33.788383	-8.391636
-13.975861	48.911686
13.310343	-22.887671
4.758065	2.562624
-16.366367	58.263348
24.253128	-58.630531
29.175659	-48.923161
-42.879959	-46.058376
-14.591655	-61.763050
37.617020	5.844312
-52.499359	-36.809982
61.912220	11.749820
-56.649281	62.466816
-1.682917	20.998213
24.754179	45.258991
-38.447002	-2.822711
-58.355145	47.649498
17.062483	-8.621124
-46.896011	-18.948114
15.058282	50.445435
1.763238	7.626674
0.501050	30.085964
-14.079130	-35.000847
-17.043358	12.051980
18.259649	7.936483
-37.689690	45.461704
-6.896134	15.096530
50.988560	-16.224850
-34.197636	33.233784
34.404179	4.517102
49.814342	29.607864
-18.087532	61.166382
-57.219177	-43.537827
51.003857	43.017651
12.778694	15.861492
