-31.332853	-31.332853
-29.203417	-31.332853
-27.073981	-31.332853
-24.944545	-31.332853
-22.815109	-31.332853
-20.685673	-31.332853
-18.556236	-31.332853
-16.426800	-31.332853
-14.297364	-31.332853
-12.167928	-31.332853
-10.038492	-31.332853
-7.909056	-31.332853
-5.779619	-31.332853
-3.650183	-31.332853
-1.520747	-31.332853
0.608689	-31.332853
2.738125	-31.332853
4.867561	-31.332853
6.996998	-31.332853
9.126434	-31.332853
11.255870	-31.332853
13.385306	-31.332853
15.514742	-31.332853
17.644179	-31.332853
19.773615	-31.332853
21.903051	-31.332853
24.032487	-31.332853
26.161923	-31.332853
28.291359	-31.332853
30.420796	-31.332853
-30.268135	-29.488708
-28.138699	-29.488708
-26.009263	-29.488708
-23.879827	-29.488708
-21.750391	-29.488708
-19.620954	-29.488708
-17.491518	-29.488708
-15.362082	-29.488708
-13.232646	-29.488708
-11.103210	-29.488708
-8.973774	-29.488708
-6.844337	-29.488708
-4.714901	-29.488708
-2.585465	-29.488708
-0.456029	-29.488708
1.673407	-29.488708
3.802843	-29.488708
5.932280	-29.488708
8.061716	-29.488708
10.191152	-29.488708
12.320588	-29.488708
14.450024	-29.488708
16.579460	-29.488708
18.708897	-29.488708
20.838333	-29.488708
22.967769	-29.488708
25.097205	-29.488708
27.226641	-29.488708
29.356077	-29.488708
31.485514	-29.488708
-31.332853	-27.644562
-29.203417	-27.644562
-27.073981	-27.644562
-24.944545	-27.644562
-22.815109	-27.644562
-20.685673	-27.644562
-18.556236	-27.644562
-16.426800	-27.644562
-14.297364	-27.644562
-12.167928	-27.644562
-10.038492	-27.644562
-7.909056	-27.644562
-5.779619	-27.644562
-3.650183	-27.644562
-1.520747	-27.644562
0.608689	-27.644562
2.738125	-27.644562
4.867561	-27.644562
6.996998	-27.644562
9.126434	-27.644562
11.255870	-27.644562
13.385306	-27.644562
15.514742	-27.644562
17.644179	-27.644562
19.773615	-27.644562
21.903051	-27.644562
24.032487	-27.644562
26.161923	-27.644562
28.291359	-27.644562
30.420796	-27.644562
-30.268135	-25.800416
-28.138699	-25.800416
-26.009263	-25.800416
-23.879827	-25.800416
-21.750391	-25.800416
-19.620954	-25.800416
-17.491518	-25.800416
-15.362082	-25.800416
-13.232646	-25.800416
-11.103210	-25.800416
-8.973774	-25.800416
-6.844337	-25.800416
-4.714901	-25.800416
-2.585465	-25.800416
-0.456029	-25.800416
1.673407	-25.800416
3.802843	-25.800416
5.932280	-25.800416
8.061716	-25.800416
10.191152	-25.800416
12.320588	-25.800416
14.450024	-25.800416
16.579460	-25.800416
18.708897	-25.800416
20.838333	-25.800416
22.967769	-25.800416
25.097205	-25.800416
27.226641	-25.800416
29.356077	-25.800416
31.485514	-25.800416
-31.332853	-23.956270
-29.203417	-23.956270
-27.073981	-23.956270
-24.944545	-23.956270
-22.815109	-23.956270
-20.685673	-23.956270
-18.556236	-23.956270
-16.426800	-23.956270
-14.297364	-23.956270
-12.167928	-23.956270
-10.038492	-23.956270
-7.909056	-23.956270
-5.779619	-23.956270
-3.650183	-23.956270
-1.520747	-23.956270
0.608689	-23.956270
2.738125	-23.956270
4.867561	-23.956270
6.996998	-23.956270
9.126434	-23.956270
11.255870	-23.956270
13.385306	-23.956270
15.514742	-23.956270
17.644179	-23.956270
19.773615	-23.956270
21.903051	-23.956270
24.032487	-23.956270
26.161923	-23.956270
28.291359	-23.956270
30.420796	-23.956270
-30.268135	-22.112124
-28.138699	-22.112124
-26.009263	-22.112124
-23.879827	-22.112124
-21.750391	-22.112124
-19.620954	-22.112124
-17.491518	-22.112124
-15.362082	-22.112124
-13.232646	-22.112124
-11.103210	-22.112124
-8.973774	-22.112124
-6.844337	-22.112124
-4.714901	-22.112124
-2.585465	-22.112124
-0.456029	-22.112124
1.673407	-22.112124
3.802843	-22.112124
5.932280	-22.112124
8.061716	-22.112124
10.191152	-22.112124
12.320588	-22.112124
14.450024	-22.112124
16.579460	-22.112124
18.708897	-22.112124
20.838333	-22.112124
22.967769	-22.112124
25.097205	-22.112124
27.226641	-22.112124
29.356077	-22.112124
31.485514	-22.112124
-31.332853	-20.267979
-29.203417	-20.267979
-27.073981	-20.267979
-24.944545	-20.267979
-22.815109	-20.267979
-20.685673	-20.267979
-18.556236	-20.267979
-16.426800	-20.267979
-14.297364	-20.267979
-12.167928	-20.267979
-10.038492	-20.267979
-7.909056	-20.267979
-5.779619	-20.267979
-3.650183	-20.267979
-1.520747	-20.267979
0.608689	-20.267979
2.738125	-20.267979
4.867561	-20.267979
6.996998	-20.267979
9.126434	-20.267979
11.255870	-20.267979
13.385306	-20.267979
15.514742	-20.267979
17.644179	-20.267979
19.773615	-20.267979
21.903051	-20.267979
24.032487	-20.267979
26.161923	-20.267979
28.291359	-20.267979
30.420796	-20.267979
-30.268135	-18.423833
-28.138699	-18.423833
-26.009263	-18.423833
-23.879827	-18.423833
-21.750391	-18.423833
-19.620954	-18.423833
-17.491518	-18.423833
-15.362082	-18.423833
-13.232646	-18.423833
-11.103210	-18.423833
-8.973774	-18.423833
-6.844337	-18.423833
-4.714901	-18.423833
-2.585465	-18.423833
-0.456029	-18.423833
1.673407	-18.423833
3.802843	-18.423833
5.932280	-18.423833
8.061716	-18.423833
10.191152	-18.423833
12.320588	-18.423833
14.450024	-18.423833
16.579460	-18.423833
18.708897	-18.423833
20.838333	-18.423833
22.967769	-18.423833
25.097205	-18.423833
27.226641	-18.423833
29.356077	-18.423833
31.485514	-18.423833
-31.332853	-16.579687
-29.203417	-16.579687
-27.073981	-16.579687
-24.944545	-16.579687
-22.815109	-16.579687
-20.685673	-16.579687
-18.556236	-16.579687
-16.426800	-16.579687
-14.297364	-16.579687
-12.167928	-16.579687
-10.038492	-16.579687
-7.909056	-16.579687
-5.779619	-16.579687
-3.650183	-16.579687
-1.520747	-16.579687
0.608689	-16.579687
2.738125	-16.579687
4.867561	-16.579687
6.996998	-16.579687
9.126434	-16.579687
11.255870	-16.579687
13.385306	-16.579687
15.514742	-16.579687
17.644179	-16.579687
19.773615	-16.579687
21.903051	-16.579687
24.032487	-16.579687
26.161923	-16.579687
28.291359	-16.579687
30.420796	-16.579687
-30.268135	-14.735541
-28.138699	-14.735541
-26.009263	-14.735541
-23.879827	-14.735541
-21.750391	-14.735541
-19.620954	-14.735541
-17.491518	-14.735541
-15.362082	-14.735541
-13.232646	-14.735541
-11.103210	-14.735541
-8.973774	-14.735541
-6.844337	-14.735541
-4.714901	-14.735541
-2.585465	-14.735541
-0.456029	-14.735541
1.673407	-14.735541
3.802843	-14.735541
5.932280	-14.735541
8.061716	-14.735541
10.191152	-14.735541
12.320588	-14.735541
14.450024	-14.735541
16.579460	-14.735541
18.708897	-14.735541
20.838333	-14.735541
22.967769	-14.735541
25.097205	-14.735541
27.226641	-14.735541
29.356077	-14.735541
31.485514	-14.735541
-31.332853	-12.891395
-29.203417	-12.891395
-27.073981	-12.891395
-24.944545	-12.891395
-22.815109	-12.891395
-20.685673	-12.891395
-18.556236	-12.891395
-16.426800	-12.891395
-14.297364	-12.891395
-12.167928	-12.891395
-10.038492	-12.891395
-7.909056	-12.891395
-5.779619	-12.891395
-3.650183	-12.891395
-1.520747	-12.891395
0.608689	-12.891395
2.738125	-12.891395
4.867561	-12.891395
6.996998	-12.891395
9.126434	-12.891395
11.255870	-12.891395
13.385306	-12.891395
15.514742	-12.891395
17.644179	-12.891395
19.773615	-12.891395
21.903051	-12.891395
24.032487	-12.891395
26.161923	-12.891395
28.291359	-12.891395
30.420796	-12.891395
-30.268135	-11.047249
-28.138699	-11.047249
-26.009263	-11.047249
-23.879827	-11.047249
-21.750391	-11.047249
-19.620954	-11.047249
-17.491518	-11.047249
-15.362082	-11.047249
-13.232646	-11.047249
-11.103210	-11.047249
-8.973774	-11.047249
-6.844337	-11.047249
-4.714901	-11.047249
-2.585465	-11.047249
-0.456029	-11.047249
1.673407	-11.047249
3.802843	-11.047249
5.932280	-11.047249
8.061716	-11.047249
10.191152	-11.047249
12.320588	-11.047249
14.450024	-11.047249
16.579460	-11.047249
18.708897	-11.047249
20.838333	-11.047249
22.967769	-11.047249
25.097205	-11.047249
27.226641	-11.047249
29.356077	-11.047249
31.485514	-11.047249
-31.332853	-9.203104
-29.203417	-9.203104
-27.073981	-9.203104
-24.944545	-9.203104
-22.815109	-9.203104
-20.685673	-9.203104
-18.556236	-9.203104
-16.426800	-9.203104
-14.297364	-9.203104
-12.167928	-9.203104
-10.038492	-9.203104
-7.909056	-9.203104
-5.779619	-9.203104
-3.650183	-9.203104
-1.520747	-9.203104
0.608689	-9.203104
2.738125	-9.203104
4.867561	-9.203104
6.996998	-9.203104
9.126434	-9.203104
11.255870	-9.203104
13.385306	-9.203104
15.514742	-9.203104
17.644179	-9.203104
19.773615	-9.203104
21.903051	-9.203104
24.032487	-9.203104
26.161923	-9.203104
28.291359	-9.203104
30.420796	-9.203104
-30.268135	-7.358958
-28.138699	-7.358958
-26.009263	-7.358958
-23.879827	-7.358958
-21.750391	-7.358958
-19.620954	-7.358958
-17.491518	-7.358958
-15.362082	-7.358958
-13.232646	-7.358958
-11.103210	-7.358958
-8.973774	-7.358958
-6.844337	-7.358958
-4.714901	-7.358958
-2.585465	-7.358958
-0.456029	-7.358958
1.673407	-7.358958
3.802843	-7.358958
5.932280	-7.358958
8.061716	-7.358958
10.191152	-7.358958
12.320588	-7.358958
14.450024	-7.358958
16.579460	-7.358958
18.708897	-7.358958
20.838333	-7.358958
22.967769	-7.358958
25.097205	-7.358958
27.226641	-7.358958
29.356077	-7.358958
31.485514	-7.358958
-31.332853	-5.514812
-29.203417	-5.514812
-27.073981	-5.514812
-24.944545	-5.514812
-22.815109	-5.514812
-20.685673	-5.514812
-18.556236	-5.514812
-16.426800	-5.514812
-14.297364	-5.514812
-12.167928	-5.514812
-10.038492	-5.514812
-7.909056	-5.514812
-5.779619	-5.514812
-3.650183	-5.514812
-1.520747	-5.514812
0.608689	-5.514812
2.738125	-5.514812
4.867561	-5.514812
6.996998	-5.514812
9.126434	-5.514812
11.255870	-5.514812
13.385306	-5.514812
15.514742	-5.514812
17.644179	-5.514812
19.773615	-5.514812
21.903051	-5.514812
24.032487	-5.514812
26.161923	-5.514812
28.291359	-5.514812
30.420796	-5.514812
-30.268135	-3.670666
-28.138699	-3.670666
-26.009263	-3.670666
-23.879827	-3.670666
-21.750391	-3.670666
-19.620954	-3.670666
-17.491518	-3.670666
-15.362082	-3.670666
-13.232646	-3.670666
-11.103210	-3.670666
-8.973774	-3.670666
-6.844337	-3.670666
-4.714901	-3.670666
-2.585465	-3.670666
-0.456029	-3.670666
1.673407	-3.670666
3.802843	-3.670666
5.932280	-3.670666
8.061716	-3.670666
10.191152	-3.670666
12.320588	-3.670666
14.450024	-3.670666
16.579460	-3.670666
18.708897	-3.670666
20.838333	-3.670666
22.967769	-3.670666
25.097205	-3.670666
27.226641	-3.670666
29.356077	-3.670666
31.485514	-3.670666
-31.332853	-1.826520
-29.203417	-1.826520
-27.073981	-1.826520
-24.944545	-1.826520
-22.815109	-1.826520
-20.685673	-1.826520
-18.556236	-1.826520
-16.426800	-1.826520
-14.297364	-1.826520
-12.167928	-1.826520
-10.038492	-1.826520
-7.909056	-1.826520
-5.779619	-1.826520
-3.650183	-1.826520
-1.520747	-1.826520
0.608689	-1.826520
2.738125	-1.826520
4.867561	-1.826520
6.996998	-1.826520
9.126434	-1.826520
11.255870	-1.826520
13.385306	-1.826520
15.514742	-1.826520
17.644179	-1.826520
19.773615	-1.826520
21.903051	-1.826520
24.032487	-1.826520
26.161923	-1.826520
28.291359	-1.826520
30.420796	-1.826520
-30.268135	0.017626
-28.138699	0.017626
-26.009263	0.017626
-23.879827	0.017626
-21.750391	0.017626
-19.620954	0.017626
-17.491518	0.017626
-15.362082	0.017626
-13.232646	0.017626
-11.103210	0.017626
-8.973774	0.017626
-6.844337	0.017626
-4.714901	0.017626
-2.585465	0.017626
-0.456029	0.017626
1.673407	0.017626
3.802843	0.017626
5.932280	0.017626
8.061716	0.017626
10.191152	0.017626
12.320588	0.017626
14.450024	0.017626
16.579460	0.017626
18.708897	0.017626
20.838333	0.017626
22.967769	0.017626
25.097205	0.017626
27.226641	0.017626
29.356077	0.017626
31.485514	0.017626
-31.332853	1.861771
-29.203417	1.861771
-27.073981	1.861771
-24.944545	1.861771
-22.815109	1.861771
-20.685673	1.861771
-18.556236	1.861771
-16.426800	1.861771
-14.297364	1.861771
-12.167928	1.861771
-10.038492	1.861771
-7.909056	1.861771
-5.779619	1.861771
-3.650183	1.861771
-1.520747	1.861771
0.608689	1.861771
2.738125	1.861771
4.867561	1.861771
6.996998	1.861771
9.126434	1.861771
11.255870	1.861771
13.385306	1.861771
15.514742	1.861771
17.644179	1.861771
19.773615	1.861771
21.903051	1.861771
24.032487	1.861771
26.161923	1.861771
28.291359	1.861771
30.420796	1.861771
-30.268135	3.705917
-28.138699	3.705917
-26.009263	3.705917
-23.879827	3.705917
-21.750391	3.705917
-19.620954	3.705917
-17.491518	3.705917
-15.362082	3.705917
-13.232646	3.705917
-11.103210	3.705917
-8.973774	3.705917
-6.844337	3.705917
-4.714901	3.705917
-2.585465	3.705917
-0.456029	3.705917
1.673407	3.705917
3.802843	3.705917
5.932280	3.705917
8.061716	3.705917
10.191152	3.705917
12.320588	3.705917
14.450024	3.705917
16.579460	3.705917
18.708897	3.705917
20.838333	3.705917
22.967769	3.705917
25.097205	3.705917
27.226641	3.705917
29.356077	3.705917
31.485514	3.705917
-31.332853	5.550063
-29.203417	5.550063
-27.073981	5.550063
-24.944545	5.550063
-22.815109	5.550063
-20.685673	5.550063
-18.556236	5.550063
-16.426800	5.550063
-14.297364	5.550063
-12.167928	5.550063
-10.038492	5.550063
-7.909056	5.550063
-5.779619	5.550063
-3.650183	5.550063
-1.520747	5.550063
0.608689	5.550063
2.738125	5.550063
4.867561	5.550063
6.996998	5.550063
9.126434	5.550063
11.255870	5.550063
13.385306	5.550063
15.514742	5.550063
17.644179	5.550063
19.773615	5.550063
21.903051	5.550063
24.032487	5.550063
26.161923	5.550063
28.291359	5.550063
30.420796	5.550063
-30.268135	7.394209
-28.138699	7.394209
-26.009263	7.394209
-23.879827	7.394209
-21.750391	7.394209
-19.620954	7.394209
-17.491518	7.394209
-15.362082	7.394209
-13.232646	7.394209
-11.103210	7.394209
-8.973774	7.394209
-6.844337	7.394209
-4.714901	7.394209
-2.585465	7.394209
-0.456029	7.394209
1.673407	7.394209
3.802843	7.394209
5.932280	7.394209
8.061716	7.394209
10.191152	7.394209
12.320588	7.394209
14.450024	7.394209
16.579460	7.394209
18.708897	7.394209
20.838333	7.394209
22.967769	7.394209
25.097205	7.394209
27.226641	7.394209
29.356077	7.394209
31.485514	7.394209
-31.332853	9.238355
-29.203417	9.238355
-27.073981	9.238355
-24.944545	9.238355
-22.815109	9.238355
-20.685673	9.238355
-18.556236	9.238355
-16.426800	9.238355
-14.297364	9.238355
-12.167928	9.238355
-10.038492	9.238355
-7.909056	9.238355
-5.779619	9.238355
-3.650183	9.238355
-1.520747	9.238355
0.608689	9.238355
2.738125	9.238355
4.867561	9.238355
6.996998	9.238355
9.126434	9.238355
11.255870	9.238355
13.385306	9.238355
15.514742	9.238355
17.644179	9.238355
19.773615	9.238355
21.903051	9.238355
24.032487	9.238355
26.161923	9.238355
28.291359	9.238355
30.420796	9.238355
-30.268135	11.082500
-28.138699	11.082500
-26.009263	11.082500
-23.879827	11.082500
-21.750391	11.082500
-19.620954	11.082500
-17.491518	11.082500
-15.362082	11.082500
-13.232646	11.082500
-11.103210	11.082500
-8.973774	11.082500
-6.844337	11.082500
-4.714901	11.082500
-2.585465	11.082500
-0.456029	11.082500
1.673407	11.082500
3.802843	11.082500
5.932280	11.082500
8.061716	11.082500
10.191152	11.082500
12.320588	11.082500
14.450024	11.082500
16.579460	11.082500
18.708897	11.082500
20.838333	11.082500
22.967769	11.082500
25.097205	11.082500
27.226641	11.082500
29.356077	11.082500
31.485514	11.082500
-31.332853	12.926646
-29.203417	12.926646
-27.073981	12.926646
-24.944545	12.926646
-22.815109	12.926646
-20.685673	12.926646
-18.556236	12.926646
-16.426800	12.926646
-14.297364	12.926646
-12.167928	12.926646
-10.038492	12.926646
-7.909056	12.926646
-5.779619	12.926646
-3.650183	12.926646
-1.520747	12.926646
0.608689	12.926646
2.738125	12.926646
4.867561	12.926646
6.996998	12.926646
9.126434	12.926646
11.255870	12.926646
13.385306	12.926646
15.514742	12.926646
17.644179	12.926646
19.773615	12.926646
21.903051	12.926646
24.032487	12.926646
26.161923	12.926646
28.291359	12.926646
30.420796	12.926646
-30.268135	14.770792
-28.138699	14.770792
-26.009263	14.770792
-23.879827	14.770792
-21.750391	14.770792
-19.620954	14.770792
-17.491518	14.770792
-15.362082	14.770792
-13.232646	14.770792
-11.103210	14.770792
-8.973774	14.770792
-6.844337	14.770792
-4.714901	14.770792
-2.585465	14.770792
-0.456029	14.770792
1.673407	14.770792
3.802843	14.770792
5.932280	14.770792
8.061716	14.770792
10.191152	14.770792
12.320588	14.770792
14.450024	14.770792
16.579460	14.770792
18.708897	14.770792
20.838333	14.770792
22.967769	14.770792
25.097205	14.770792
27.226641	14.770792
29.356077	14.770792
31.485514	14.770792
-31.332853	16.614938
-29.203417	16.614938
-27.073981	16.614938
-24.944545	16.614938
-22.815109	16.614938
-20.685673	16.614938
-18.556236	16.614938
-16.426800	16.614938
-14.297364	16.614938
-12.167928	16.614938
-10.038492	16.614938
-7.909056	16.614938
-5.779619	16.614938
-3.650183	16.614938
-1.520747	16.614938
0.608689	16.614938
2.738125	16.614938
4.867561	16.614938
6.996998	16.614938
9.126434	16.614938
11.255870	16.614938
13.385306	16.614938
15.514742	16.614938
17.644179	16.614938
19.773615	16.614938
21.903051	16.614938
24.032487	16.614938
26.161923	16.614938
28.291359	16.614938
30.420796	16.614938
-30.268135	18.459084
-28.138699	18.459084
-26.009263	18.459084
-23.879827	18.459084
-21.750391	18.459084
-19.620954	18.459084
-17.491518	18.459084
-15.362082	18.459084
-13.232646	18.459084
-11.103210	18.459084
-8.973774	18.459084
-6.844337	18.459084
-4.714901	18.459084
-2.585465	18.459084
-0.456029	18.459084
1.673407	18.459084
3.802843	18.459084
5.932280	18.459084
8.061716	18.459084
10.191152	18.459084
12.320588	18.459084
14.450024	18.459084
16.579460	18.459084
18.708897	18.459084
20.838333	18.459084
22.967769	18.459084
25.097205	18.459084
27.226641	18.459084
29.356077	18.459084
31.485514	18.459084
-31.332853	20.303230
-29.203417	20.303230
-27.073981	20.303230
-24.944545	20.303230
-22.815109	20.303230
-20.685673	20.303230
-18.556236	20.303230
-16.426800	20.303230
-14.297364	20.303230
-12.167928	20.303230
-10.038492	20.303230
-7.909056	20.303230
-5.779619	20.303230
-3.650183	20.303230
-1.520747	20.303230
0.608689	20.303230
2.738125	20.303230
4.867561	20.303230
6.996998	20.303230
9.126434	20.303230
11.255870	20.303230
13.385306	20.303230
15.514742	20.303230
17.644179	20.303230
19.773615	20.303230
21.903051	20.303230
24.032487	20.303230
26.161923	20.303230
28.291359	20.303230
30.420796	20.303230
-30.268135	22.147375
-28.138699	22.147375
-26.009263	22.147375
-23.879827	22.147375
-21.750391	22.147375
-19.620954	22.147375
-17.491518	22.147375
-15.362082	22.147375
-13.232646	22.147375
-11.103210	22.147375
-8.973774	22.147375
-6.844337	22.147375
-4.714901	22.147375
-2.585465	22.147375
-0.456029	22.147375
1.673407	22.147375
3.802843	22.147375
5.932280	22.147375
8.061716	22.147375
10.191152	22.147375
12.320588	22.147375
14.450024	22.147375
16.579460	22.147375
18.708897	22.147375
20.838333	22.147375
22.967769	22.147375
25.097205	22.147375
27.226641	22.147375
29.356077	22.147375
31.485514	22.147375
-31.332853	23.991521
-29.203417	23.991521
-27.073981	23.991521
-24.944545	23.991521
-22.815109	23.991521
-20.685673	23.991521
-18.556236	23.991521
-16.426800	23.991521
-14.297364	23.991521
-12.167928	23.991521
-10.038492	23.991521
-7.909056	23.991521
-5.779619	23.991521
-3.650183	23.991521
-1.520747	23.991521
0.608689	23.991521
2.738125	23.991521
4.867561	23.991521
6.996998	23.991521
9.126434	23.991521
11.255870	23.991521
13.385306	23.991521
15.514742	23.991521
17.644179	23.991521
19.773615	23.991521
21.903051	23.991521
24.032487	23.991521
26.161923	23.991521
28.291359	23.991521
30.420796	23.991521
-30.268135	25.835667
-28.138699	25.835667
-26.009263	25.835667
-23.879827	25.835667
-21.750391	25.835667
-19.620954	25.835667
-17.491518	25.835667
-15.362082	25.835667
-13.232646	25.835667
-11.103210	25.835667
-8.973774	25.835667
-6.844337	25.835667
-4.714901	25.835667
-2.585465	25.835667
-0.456029	25.835667
1.673407	25.835667
3.802843	25.835667
5.932280	25.835667
8.061716	25.835667
10.191152	25.835667
12.320588	25.835667
14.450024	25.835667
16.579460	25.835667
18.708897	25.835667
20.838333	25.835667
22.967769	25.835667
25.097205	25.835667
27.226641	25.835667
29.356077	25.835667
31.485514	25.835667
-31.332853	27.679813
-29.203417	27.679813
-27.073981	27.679813
-24.944545	27.679813
-22.815109	27.679813
-20.685673	27.679813
-18.556236	27.679813
-16.426800	27.679813
-14.297364	27.679813
-12.167928	27.679813
-10.038492	27.679813
-7.909056	27.679813
-5.779619	27.679813
-3.650183	27.679813
-1.520747	27.679813
0.608689	27.679813
2.738125	27.679813
4.867561	27.679813
6.996998	27.679813
9.126434	27.679813
11.255870	27.679813
13.385306	27.679813
15.514742	27.679813
17.644179	27.679813
19.773615	27.679813
21.903051	27.679813
24.032487	27.679813
26.161923	27.679813
28.291359	27.679813
30.420796	27.679813
-30.268135	29.523959
-28.138699	29.523959
-26.009263	29.523959
-23.879827	29.523959
-21.750391	29.523959
-19.620954	29.523959
-17.491518	29.523959
-15.362082	29.523959
-13.232646	29.523959
-11.103210	29.523959
