-19.816636	-19.816636
-18.469863	-19.816636
-17.123089	-19.816636
-15.776315	-19.816636
-14.429542	-19.816636
-13.082768	-19.816636
-11.735994	-19.816636
-10.389221	-19.816636
-9.042447	-19.816636
-7.695673	-19.816636
-6.348900	-19.816636
-5.002126	-19.816636
-3.655352	-19.816636
-2.308579	-19.816636
-0.961805	-19.816636
0.384969	-19.816636
1.731743	-19.816636
3.078516	-19.816636
4.425290	-19.816636
5.772064	-19.816636
7.118837	-19.816636
8.465611	-19.816636
9.812385	-19.816636
11.159158	-19.816636
12.505932	-19.816636
13.852706	-19.816636
15.199479	-19.816636
16.546253	-19.816636
17.893027	-19.816636
19.239800	-19.816636
-19.143250	-18.650296
-17.796476	-18.650296
-16.449702	-18.650296
-15.102929	-18.650296
-13.756155	-18.650296
-12.409381	-18.650296
-11.062608	-18.650296
-9.715834	-18.650296
-8.369060	-18.650296
-7.022286	-18.650296
-5.675513	-18.650296
-4.328739	-18.650296
-2.981965	-18.650296
-1.635192	-18.650296
-0.288418	-18.650296
1.058356	-18.650296
2.405129	-18.650296
3.751903	-18.650296
5.098677	-18.650296
6.445450	-18.650296
7.792224	-18.650296
9.138998	-18.650296
10.485771	-18.650296
11.832545	-18.650296
13.179319	-18.650296
14.526093	-18.650296
15.872866	-18.650296
17.219640	-18.650296
18.566414	-18.650296
19.913187	-18.650296
-19.816636	-17.483956
-18.469863	-17.483956
-17.123089	-17.483956
-15.776315	-17.483956
-14.429542	-17.483956
-13.082768	-17.483956
-11.735994	-17.483956
-10.389221	-17.483956
-9.042447	-17.483956
-7.695673	-17.483956
-6.348900	-17.483956
-5.002126	-17.483956
-3.655352	-17.483956
-2.308579	-17.483956
-0.961805	-17.483956
0.384969	-17.483956
1.731743	-17.483956
3.078516	-17.483956
4.425290	-17.483956
5.772064	-17.483956
7.118837	-17.483956
8.465611	-17.483956
9.812385	-17.483956
11.159158	-17.483956
12.505932	-17.483956
13.852706	-17.483956
15.199479	-17.483956
16.546253	-17.483956
17.893027	-17.483956
19.239800	-17.483956
-19.143250	-16.317616
-17.796476	-16.317616
-16.449702	-16.317616
-15.102929	-16.317616
-13.756155	-16.317616
-12.409381	-16.317616
-11.062608	-16.317616
-9.715834	-16.317616
-8.369060	-16.317616
-7.022286	-16.317616
-5.675513	-16.317616
-4.328739	-16.317616
-2.981965	-16.317616
-1.635192	-16.317616
-0.288418	-16.317616
1.058356	-16.317616
2.405129	-16.317616
3.751903	-16.317616
5.098677	-16.317616
6.445450	-16.317616
7.792224	-16.317616
9.138998	-16.317616
10.485771	-16.317616
11.832545	-16.317616
13.179319	-16.317616
14.526093	-16.317616
15.872866	-16.317616
17.219640	-16.317616
18.566414	-16.317616
19.913187	-16.317616
-19.816636	-15.151276
-18.469863	-15.151276
-17.123089	-15.151276
-15.776315	-15.151276
-14.429542	-15.151276
-13.082768	-15.151276
-11.735994	-15.151276
-10.389221	-15.151276
-9.042447	-15.151276
-7.695673	-15.151276
-6.348900	-15.151276
-5.002126	-15.151276
-3.655352	-15.151276
-2.308579	-15.151276
-0.961805	-15.151276
0.384969	-15.151276
1.731743	-15.151276
3.078516	-15.151276
4.425290	-15.151276
5.772064	-15.151276
7.118837	-15.151276
8.465611	-15.151276
9.812385	-15.151276
11.159158	-15.151276
12.505932	-15.151276
13.852706	-15.151276
15.199479	-15.151276
16.546253	-15.151276
17.893027	-15.151276
19.239800	-15.151276
-19.143250	-13.984935
-17.796476	-13.984935
-16.449702	-13.984935
-15.102929	-13.984935
-13.756155	-13.984935
-12.409381	-13.984935
-11.062608	-13.984935
-9.715834	-13.984935
-8.369060	-13.984935
-7.022286	-13.984935
-5.675513	-13.984935
-4.328739	-13.984935
-2.981965	-13.984935
-1.635192	-13.984935
-0.288418	-13.984935
1.058356	-13.984935
2.405129	-13.984935
3.751903	-13.984935
5.098677	-13.984935
6.445450	-13.984935
7.792224	-13.984935
9.138998	-13.984935
10.485771	-13.984935
11.832545	-13.984935
13.179319	-13.984935
14.526093	-13.984935
15.872866	-13.984935
17.219640	-13.984935
18.566414	-13.984935
19.913187	-13.984935
-19.816636	-12.818595
-18.469863	-12.818595
-17.123089	-12.818595
-15.776315	-12.818595
-14.429542	-12.818595
-13.082768	-12.818595
-11.735994	-12.818595
-10.389221	-12.818595
-9.042447	-12.818595
-7.695673	-12.818595
-6.348900	-12.818595
-5.002126	-12.818595
-3.655352	-12.818595
-2.308579	-12.818595
-0.961805	-12.818595
0.384969	-12.818595
1.731743	-12.818595
3.078516	-12.818595
4.425290	-12.818595
5.772064	-12.818595
7.118837	-12.818595
8.465611	-12.818595
9.812385	-12.818595
11.159158	-12.818595
12.505932	-12.818595
13.852706	-12.818595
15.199479	-12.818595
16.546253	-12.818595
17.893027	-12.818595
19.239800	-12.818595
-19.143250	-11.652255
-17.796476	-11.652255
-16.449702	-11.652255
-15.102929	-11.652255
-13.756155	-11.652255
-12.409381	-11.652255
-11.062608	-11.652255
-9.715834	-11.652255
-8.369060	-11.652255
-7.022286	-11.652255
-5.675513	-11.652255
-4.328739	-11.652255
-2.981965	-11.652255
-1.635192	-11.652255
-0.288418	-11.652255
1.058356	-11.652255
2.405129	-11.652255
3.751903	-11.652255
5.098677	-11.652255
6.445450	-11.652255
7.792224	-11.652255
9.138998	-11.652255
10.485771	-11.652255
11.832545	-11.652255
13.179319	-11.652255
14.526093	-11.652255
15.872866	-11.652255
17.219640	-11.652255
18.566414	-11.652255
19.913187	-11.652255
-19.816636	-10.485915
-18.469863	-10.485915
-17.123089	-10.485915
-15.776315	-10.485915
-14.429542	-10.485915
-13.082768	-10.485915
-11.735994	-10.485915
-10.389221	-10.485915
-9.042447	-10.485915
-7.695673	-10.485915
-6.348900	-10.485915
-5.002126	-10.485915
-3.655352	-10.485915
-2.308579	-10.485915
-0.961805	-10.485915
0.384969	-10.485915
1.731743	-10.485915
3.078516	-10.485915
4.425290	-10.485915
5.772064	-10.485915
7.118837	-10.485915
8.465611	-10.485915
9.812385	-10.485915
11.159158	-10.485915
12.505932	-10.485915
13.852706	-10.485915
15.199479	-10.485915
16.546253	-10.485915
17.893027	-10.485915
19.239800	-10.485915
-19.143250	-9.319574
-17.796476	-9.319574
-16.449702	-9.319574
-15.102929	-9.319574
-13.756155	-9.319574
-12.409381	-9.319574
-11.062608	-9.319574
-9.715834	-9.319574
-8.369060	-9.319574
-7.022286	-9.319574
-5.675513	-9.319574
-4.328739	-9.319574
-2.981965	-9.319574
-1.635192	-9.319574
-0.288418	-9.319574
1.058356	-9.319574
2.405129	-9.319574
3.751903	-9.319574
5.098677	-9.319574
6.445450	-9.319574
7.792224	-9.319574
9.138998	-9.319574
10.485771	-9.319574
11.832545	-9.319574
13.179319	-9.319574
14.526093	-9.319574
15.872866	-9.319574
17.219640	-9.319574
18.566414	-9.319574
19.913187	-9.319574
-19.816636	-8.153234
-18.469863	-8.153234
-17.123089	-8.153234
-15.776315	-8.153234
-14.429542	-8.153234
-13.082768	-8.153234
-11.735994	-8.153234
-10.389221	-8.153234
-9.042447	-8.153234
-7.695673	-8.153234
-6.348900	-8.153234
-5.002126	-8.153234
-3.655352	-8.153234
-2.308579	-8.153234
-0.961805	-8.153234
0.384969	-8.153234
1.731743	-8.153234
3.078516	-8.153234
4.425290	-8.153234
5.772064	-8.153234
7.118837	-8.153234
8.465611	-8.153234
9.812385	-8.153234
11.159158	-8.153234
12.505932	-8.153234
13.852706	-8.153234
15.199479	-8.153234
16.546253	-8.153234
17.893027	-8.153234
19.239800	-8.153234
-19.143250	-6.986894
-17.796476	-6.986894
-16.449702	-6.986894
-15.102929	-6.986894
-13.756155	-6.986894
-12.409381	-6.986894
-11.062608	-6.986894
-9.715834	-6.986894
-8.369060	-6.986894
-7.022286	-6.986894
-5.675513	-6.986894
-4.328739	-6.986894
-2.981965	-6.986894
-1.635192	-6.986894
-0.288418	-6.986894
1.058356	-6.986894
2.405129	-6.986894
3.751903	-6.986894
5.098677	-6.986894
6.445450	-6.986894
7.792224	-6.986894
9.138998	-6.986894
10.485771	-6.986894
11.832545	-6.986894
13.179319	-6.986894
14.526093	-6.986894
15.872866	-6.986894
17.219640	-6.986894
18.566414	-6.986894
19.913187	-6.986894
-19.816636	-5.820554
-18.469863	-5.820554
-17.123089	-5.820554
-15.776315	-5.820554
-14.429542	-5.820554
-13.082768	-5.820554
-11.735994	-5.820554
-10.389221	-5.820554
-9.042447	-5.820554
-7.695673	-5.820554
-6.348900	-5.820554
-5.002126	-5.820554
-3.655352	-5.820554
-2.308579	-5.820554
-0.961805	-5.820554
0.384969	-5.820554
1.731743	-5.820554
3.078516	-5.820554
4.425290	-5.820554
5.772064	-5.820554
7.118837	-5.820554
8.465611	-5.820554
9.812385	-5.820554
11.159158	-5.820554
12.505932	-5.820554
13.852706	-5.820554
15.199479	-5.820554
16.546253	-5.820554
17.893027	-5.820554
19.239800	-5.820554
-19.143250	-4.654214
-17.796476	-4.654214
-16.449702	-4.654214
-15.102929	-4.654214
-13.756155	-4.654214
-12.409381	-4.654214
-11.062608	-4.654214
-9.715834	-4.654214
-8.369060	-4.654214
-7.022286	-4.654214
-5.675513	-4.654214
-4.328739	-4.654214
-2.981965	-4.654214
-1.635192	-4.654214
-0.288418	-4.654214
1.058356	-4.654214
2.405129	-4.654214
3.751903	-4.654214
5.098677	-4.654214
6.445450	-4.654214
7.792224	-4.654214
9.138998	-4.654214
10.485771	-4.654214
11.832545	-4.654214
13.179319	-4.654214
14.526093	-4.654214
15.872866	-4.654214
17.219640	-4.654214
18.566414	-4.654214
19.913187	-4.654214
-19.816636	-3.487873
-18.469863	-3.487873
-17.123089	-3.487873
-15.776315	-3.487873
-14.429542	-3.487873
-13.082768	-3.487873
-11.735994	-3.487873
-10.389221	-3.487873
-9.042447	-3.487873
-7.695673	-3.487873
-6.348900	-3.487873
-5.002126	-3.487873
-3.655352	-3.487873
-2.308579	-3.487873
-0.961805	-3.487873
0.384969	-3.487873
1.731743	-3.487873
3.078516	-3.487873
4.425290	-3.487873
5.772064	-3.487873
7.118837	-3.487873
8.465611	-3.487873
9.812385	-3.487873
11.159158	-3.487873
12.505932	-3.487873
13.852706	-3.487873
15.199479	-3.487873
16.546253	-3.487873
17.893027	-3.487873
19.239800	-3.487873
-19.143250	-2.321533
-17.796476	-2.321533
-16.449702	-2.321533
-15.102929	-2.321533
-13.756155	-2.321533
-12.409381	-2.321533
-11.062608	-2.321533
-9.715834	-2.321533
-8.369060	-2.321533
-7.022286	-2.321533
-5.675513	-2.321533
-4.328739	-2.321533
-2.981965	-2.321533
-1.635192	-2.321533
-0.288418	-2.321533
1.058356	-2.321533
2.405129	-2.321533
3.751903	-2.321533
5.098677	-2.321533
6.445450	-2.321533
7.792224	-2.321533
9.138998	-2.321533
10.485771	-2.321533
11.832545	-2.321533
13.179319	-2.321533
14.526093	-2.321533
15.872866	-2.321533
17.219640	-2.321533
18.566414	-2.321533
19.913187	-2.321533
-19.816636	-1.155193
-18.469863	-1.155193
-17.123089	-1.155193
-15.776315	-1.155193
-14.429542	-1.155193
-13.082768	-1.155193
-11.735994	-1.155193
-10.389221	-1.155193
-9.042447	-1.155193
-7.695673	-1.155193
-6.348900	-1.155193
-5.002126	-1.155193
-3.655352	-1.155193
-2.308579	-1.155193
-0.961805	-1.155193
0.384969	-1.155193
1.731743	-1.155193
3.078516	-1.155193
4.425290	-1.155193
5.772064	-1.155193
7.118837	-1.155193
8.465611	-1.155193
9.812385	-1.155193
11.159158	-1.155193
12.505932	-1.155193
13.852706	-1.155193
15.199479	-1.155193
16.546253	-1.155193
17.893027	-1.155193
19.239800	-1.155193
-19.143250	0.011147
-17.796476	0.011147
-16.449702	0.011147
-15.102929	0.011147
-13.756155	0.011147
-12.409381	0.011147
-11.062608	0.011147
-9.715834	0.011147
-8.369060	0.011147
-7.022286	0.011147
-5.675513	0.011147
-4.328739	0.011147
-2.981965	0.011147
-1.635192	0.011147
-0.288418	0.011147
1.058356	0.011147
2.405129	0.011147
3.751903	0.011147
5.098677	0.011147
6.445450	0.011147
7.792224	0.011147
9.138998	0.011147
10.485771	0.011147
11.832545	0.011147
13.179319	0.011147
14.526093	0.011147
15.872866	0.011147
17.219640	0.011147
18.566414	0.011147
19.913187	0.011147
-19.816636	1.177488
-18.469863	1.177488
-17.123089	1.177488
-15.776315	1.177488
-14.429542	1.177488
-13.082768	1.177488
-11.735994	1.177488
-10.389221	1.177488
-9.042447	1.177488
-7.695673	1.177488
-6.348900	1.177488
-5.002126	1.177488
-3.655352	1.177488
-2.308579	1.177488
-0.961805	1.177488
0.384969	1.177488
1.731743	1.177488
3.078516	1.177488
4.425290	1.177488
5.772064	1.177488
7.118837	1.177488
8.465611	1.177488
9.812385	1.177488
11.159158	1.177488
12.505932	1.177488
13.852706	1.177488
15.199479	1.177488
16.546253	1.177488
17.893027	1.177488
19.239800	1.177488
-19.143250	2.343828
-17.796476	2.343828
-16.449702	2.343828
-15.102929	2.343828
-13.756155	2.343828
-12.409381	2.343828
-11.062608	2.343828
-9.715834	2.343828
-8.369060	2.343828
-7.022286	2.343828
-5.675513	2.343828
-4.328739	2.343828
-2.981965	2.343828
-1.635192	2.343828
-0.288418	2.343828
1.058356	2.343828
2.405129	2.343828
3.751903	2.343828
5.098677	2.343828
6.445450	2.343828
7.792224	2.343828
9.138998	2.343828
10.485771	2.343828
11.832545	2.343828
13.179319	2.343828
14.526093	2.343828
15.872866	2.343828
17.219640	2.343828
18.566414	2.343828
19.913187	2.343828
-19.816636	3.510168
-18.469863	3.510168
-17.123089	3.510168
-15.776315	3.510168
-14.429542	3.510168
-13.082768	3.510168
-11.735994	3.510168
-10.389221	3.510168
-9.042447	3.510168
-7.695673	3.510168
-6.348900	3.510168
-5.002126	3.510168
-3.655352	3.510168
-2.308579	3.510168
-0.961805	3.510168
0.384969	3.510168
1.731743	3.510168
3.078516	3.510168
4.425290	3.510168
5.772064	3.510168
7.118837	3.510168
8.465611	3.510168
9.812385	3.510168
11.159158	3.510168
12.505932	3.510168
13.852706	3.510168
15.199479	3.510168
16.546253	3.510168
17.893027	3.510168
19.239800	3.510168
-19.143250	4.676508
-17.796476	4.676508
-16.449702	4.676508
-15.102929	4.676508
-13.756155	4.676508
-12.409381	4.676508
-11.062608	4.676508
-9.715834	4.676508
-8.369060	4.676508
-7.022286	4.676508
-5.675513	4.676508
-4.328739	4.676508
-2.981965	4.676508
-1.635192	4.676508
-0.288418	4.676508
1.058356	4.676508
2.405129	4.676508
3.751903	4.676508
5.098677	4.676508
6.445450	4.676508
7.792224	4.676508
9.138998	4.676508
10.485771	4.676508
11.832545	4.676508
13.179319	4.676508
14.526093	4.676508
15.872866	4.676508
17.219640	4.676508
18.566414	4.676508
19.913187	4.676508
-19.816636	5.842848
-18.469863	5.842848
-17.123089	5.842848
-15.776315	5.842848
-14.429542	5.842848
-13.082768	5.842848
-11.735994	5.842848
-10.389221	5.842848
-9.042447	5.842848
-7.695673	5.842848
-6.348900	5.842848
-5.002126	5.842848
-3.655352	5.842848
-2.308579	5.842848
-0.961805	5.842848
0.384969	5.842848
1.731743	5.842848
3.078516	5.842848
4.425290	5.842848
5.772064	5.842848
7.118837	5.842848
8.465611	5.842848
9.812385	5.842848
11.159158	5.842848
12.505932	5.842848
13.852706	5.842848
15.199479	5.842848
16.546253	5.842848
17.893027	5.842848
19.239800	5.842848
-19.143250	7.009189
-17.796476	7.009189
-16.449702	7.009189
-15.102929	7.009189
-13.756155	7.009189
-12.409381	7.009189
-11.062608	7.009189
-9.715834	7.009189
-8.369060	7.009189
-7.022286	7.009189
-5.675513	7.009189
-4.328739	7.009189
-2.981965	7.009189
-1.635192	7.009189
-0.288418	7.009189
1.058356	7.009189
2.405129	7.009189
3.751903	7.009189
5.098677	7.009189
6.445450	7.009189
7.792224	7.009189
9.138998	7.009189
10.485771	7.009189
11.832545	7.009189
13.179319	7.009189
14.526093	7.009189
15.872866	7.009189
17.219640	7.009189
18.566414	7.009189
19.913187	7.009189
-19.816636	8.175529
-18.469863	8.175529
-17.123089	8.175529
-15.776315	8.175529
-14.429542	8.175529
-13.082768	8.175529
-11.735994	8.175529
-10.389221	8.175529
-9.042447	8.175529
-7.695673	8.175529
-6.348900	8.175529
-5.002126	8.175529
-3.655352	8.175529
-2.308579	8.175529
-0.961805	8.175529
0.384969	8.175529
1.731743	8.175529
3.078516	8.175529
4.425290	8.175529
5.772064	8.175529
7.118837	8.175529
8.465611	8.175529
9.812385	8.175529
11.159158	8.175529
12.505932	8.175529
13.852706	8.175529
15.199479	8.175529
16.546253	8.175529
17.893027	8.175529
19.239800	8.175529
-19.143250	9.341869
-17.796476	9.341869
-16.449702	9.341869
-15.102929	9.341869
-13.756155	9.341869
-12.409381	9.341869
-11.062608	9.341869
-9.715834	9.341869
-8.369060	9.341869
-7.022286	9.341869
-5.675513	9.341869
-4.328739	9.341869
-2.981965	9.341869
-1.635192	9.341869
-0.288418	9.341869
1.058356	9.341869
2.405129	9.341869
3.751903	9.341869
5.098677	9.341869
6.445450	9.341869
7.792224	9.341869
9.138998	9.341869
10.485771	9.341869
11.832545	9.341869
13.179319	9.341869
14.526093	9.341869
15.872866	9.341869
17.219640	9.341869
18.566414	9.341869
19.913187	9.341869
-19.816636	10.508209
-18.469863	10.508209
-17.123089	10.508209
-15.776315	10.508209
-14.429542	10.508209
-13.082768	10.508209
-11.735994	10.508209
-10.389221	10.508209
-9.042447	10.508209
-7.695673	10.508209
-6.348900	10.508209
-5.002126	10.508209
-3.655352	10.508209
-2.308579	10.508209
-0.961805	10.508209
0.384969	10.508209
1.731743	10.508209
3.078516	10.508209
4.425290	10.508209
5.772064	10.508209
7.118837	10.508209
8.465611	10.508209
9.812385	10.508209
11.159158	10.508209
12.505932	10.508209
13.852706	10.508209
15.199479	10.508209
16.546253	10.508209
17.893027	10.508209
19.239800	10.508209
-19.143250	11.674550
-17.796476	11.674550
-16.449702	11.674550
-15.102929	11.674550
-13.756155	11.674550
-12.409381	11.674550
-11.062608	11.674550
-9.715834	11.674550
-8.369060	11.674550
-7.022286	11.674550
-5.675513	11.674550
-4.328739	11.674550
-2.981965	11.674550
-1.635192	11.674550
-0.288418	11.674550
1.058356	11.674550
2.405129	11.674550
3.751903	11.674550
5.098677	11.674550
6.445450	11.674550
7.792224	11.674550
9.138998	11.674550
10.485771	11.674550
11.832545	11.674550
13.179319	11.674550
14.526093	11.674550
15.872866	11.674550
17.219640	11.674550
18.566414	11.674550
19.913187	11.674550
-19.816636	12.840890
-18.469863	12.840890
-17.123089	12.840890
-15.776315	12.840890
-14.429542	12.840890
-13.082768	12.840890
-11.735994	12.840890
-10.389221	12.840890
-9.042447	12.840890
-7.695673	12.840890
-6.348900	12.840890
-5.002126	12.840890
-3.655352	12.840890
-2.308579	12.840890
-0.961805	12.840890
0.384969	12.840890
1.731743	12.840890
3.078516	12.840890
4.425290	12.840890
5.772064	12.840890
7.118837	12.840890
8.465611	12.840890
9.812385	12.840890
11.159158	12.840890
12.505932	12.840890
13.852706	12.840890
15.199479	12.840890
16.546253	12.840890
17.893027	12.840890
19.239800	12.840890
-19.143250	14.007230
-17.796476	14.007230
-16.449702	14.007230
-15.102929	14.007230
-13.756155	14.007230
-12.409381	14.007230
-11.062608	14.007230
-9.715834	14.007230
-8.369060	14.007230
-7.022286	14.007230
-5.675513	14.007230
-4.328739	14.007230
-2.981965	14.007230
-1.635192	14.007230
-0.288418	14.007230
1.058356	14.007230
2.405129	14.007230
3.751903	14.007230
5.098677	14.007230
6.445450	14.007230
7.792224	14.007230
9.138998	14.007230
10.485771	14.007230
11.832545	14.007230
13.179319	14.007230
14.526093	14.007230
15.872866	14.007230
17.219640	14.007230
18.566414	14.007230
19.913187	14.007230
-19.816636	15.173570
-18.469863	15.173570
-17.123089	15.173570
-15.776315	15.173570
-14.429542	15.173570
-13.082768	15.173570
-11.735994	15.173570
-10.389221	15.173570
-9.042447	15.173570
-7.695673	15.173570
-6.348900	15.173570
-5.002126	15.173570
-3.655352	15.173570
-2.308579	15.173570
-0.961805	15.173570
0.384969	15.173570
1.731743	15.173570
3.078516	15.173570
4.425290	15.173570
5.772064	15.173570
7.118837	15.173570
8.465611	15.173570
9.812385	15.173570
11.159158	15.173570
12.505932	15.173570
13.852706	15.173570
15.199479	15.173570
16.546253	15.173570
17.893027	15.173570
19.239800	15.173570
-19.143250	16.339911
-17.796476	16.339911
-16.449702	16.339911
-15.102929	16.339911
-13.756155	16.339911
-12.409381	16.339911
-11.062608	16.339911
-9.715834	16.339911
-8.369060	16.339911
-7.022286	16.339911
-5.675513	16.339911
-4.328739	16.339911
-2.981965	16.339911
-1.635192	16.339911
-0.288418	16.339911
1.058356	16.339911
2.405129	16.339911
3.751903	16.339911
5.098677	16.339911
6.445450	16.339911
7.792224	16.339911
9.138998	16.339911
10.485771	16.339911
11.832545	16.339911
13.179319	16.339911
14.526093	16.339911
15.872866	16.339911
17.219640	16.339911
18.566414	16.339911
19.913187	16.339911
-19.816636	17.506251
-18.469863	17.506251
-17.123089	17.506251
-15.776315	17.506251
-14.429542	17.506251
-13.082768	17.506251
-11.735994	17.506251
-10.389221	17.506251
-9.042447	17.506251
-7.695673	17.506251
-6.348900	17.506251
-5.002126	17.506251
-3.655352	17.506251
-2.308579	17.506251
-0.961805	17.506251
0.384969	17.506251
1.731743	17.506251
3.078516	17.506251
4.425290	17.506251
5.772064	17.506251
7.118837	17.506251
8.465611	17.506251
9.812385	17.506251
11.159158	17.506251
12.505932	17.506251
13.852706	17.506251
15.199479	17.506251
16.546253	17.506251
17.893027	17.506251
19.239800	17.506251
-19.143250	18.672591
-17.796476	18.672591
-16.449702	18.672591
-15.102929	18.672591
-13.756155	18.672591
-12.409381	18.672591
-11.062608	18.672591
-9.715834	18.672591
-8.369060	18.672591
-7.022286	18.672591
