-2.139706	-4.866269	
0.658701	44.621661	
-4.422476	54.311234	
5.682169	-39.609119	
-5.054266	-50.109808	
3.673694	-19.589001	
-2.658005	0.209692	
-3.979785	3.089728	
-5.622525	58.799716	
-3.571143	36.266199	
-0.694754	-16.880121	
-1.648529	-25.284872	
4.144147	-18.537231	
-5.691000	-11.926089	
1.206104	22.913892	
0.518790	51.138638	
2.092883	42.789093	
0.696292	-12.328873	
2.733914	41.084674	
2.305087	27.929749	
2.902347	-17.061520	
-0.667926	-9.491379	
0.937488	29.924115	
-0.484009	16.278531	
1.661160	-45.086310	
2.113452	22.440207	
-1.855737	-38.919647	
-3.307242	-9.985211	
0.736392	40.912628	
4.272070	-45.485080	
1.227921	-59.107062	
-1.067010	54.501642	
-4.595752	43.069992	
3.291202	-55.281076	
-4.216647	26.582178	
-3.088226	-3.550742	
-5.503058	56.030695	
-1.855695	37.569321	
4.122894	-29.279373	
3.878116	24.989005	
-1.977713	-60.931927	
-5.647842	15.476141	
5.233398	-38.429553	
-0.133109	-33.653561	
3.287726	21.133109	
-5.629630	-58.436179	
3.656003	30.500134	
-5.599634	-38.104266	
5.591333	-3.263519	
-1.512585	7.277350	
4.599710	17.008273	
-1.165115	38.464383	
2.255957	29.746591	
-2.057959	-20.923471	
-0.199429	-12.810931	
3.631198	56.309158	
4.243964	32.520737	
-0.109409	27.311746	
-1.821591	21.653091	
2.318536	-53.355017	
-3.574338	9.218903	
-3.735635	17.955826	
-4.648465	-60.867227	
-4.088968	14.573605	
5.162073	-41.111447	
0.520236	-22.151126	
2.342935	-48.510739	
2.199640	-15.076376	
0.704016	42.558179	
-2.386591	31.485287	
-0.879034	-42.945483	
5.505035	47.534671	
-0.852048	32.840289	
-4.345840	-61.822009	
3.497394	-53.636554	
1.959177	5.396036	
-5.618375	-25.596216	
4.931451	45.389868	
4.420172	-37.461581	
-4.495511	-16.016104	
-1.776767	-15.910168	
-5.253976	-39.947195	
-0.541681	-24.593735	
-1.564911	61.001923	
0.713147	-26.989783	
2.111957	13.090353	
-4.325726	-59.558160	
2.018173	21.240979	
-5.404480	47.620300	
1.449493	35.061053	
-3.609720	34.711899	
0.118661	-61.998410	
1.330881	-20.937698	
4.486902	46.346121	
-2.606757	35.527115	
-3.964059	40.561975	
-2.427826	39.217810	
-3.634644	-38.928308	
-0.219180	29.544263	
-0.954065	-60.262268	
2.272784	-36.972620	
-3.408865	-48.964542	
-5.664618	-55.446301	
5.406192	61.859763	
-4.519965	10.327805	
4.575641	2.342883	
-0.523126	-49.934851	
1.650345	23.899191	
-1.293689	-34.580377	
-1.133875	46.035376	
3.927908	-20.798364	
-5.264902	-18.085895	
-3.767572	-44.053317	
2.079849	18.251840	
-1.378674	-30.819092	
-2.604135	-44.464285	
-0.106567	31.994897	
5.628903	0.635568	
-2.817032	53.641003	
-3.181705	32.197845	
-3.649451	12.505453	
-4.158081	-1.201385	
2.176233	-56.476019	
1.854822	-18.804327	
5.393842	6.641556	
-3.973187	23.662354	
1.976749	49.785745	
2.700934	2.709698	
-4.125235	-51.162659	
-1.123087	-12.183154	
0.182675	-36.250635	
5.211526	-31.455432	
0.636356	-51.842276	
-3.057617	23.009949	
3.711932	-36.627145	
0.115378	-35.083206	
4.437183	6.079916	
3.682837	-26.592389	
-3.012830	-43.178928	
4.230313	-31.235541	
-0.078375	-40.065930	
0.915289	-10.014886	
1.954486	57.104962	
4.171982	-24.953046	
1.601770	13.960739	
-5.743326	-34.548486	
1.915280	26.404333	
-1.111801	-32.213412	
-4.850024	-41.814145	
-3.394028	4.179044	
4.475696	-50.886478	
-0.459607	-37.263959	
1.883432	40.237552	
-1.198416	9.545044	
4.387509	29.811060	
-3.682260	33.416571	
-4.933069	-26.453525	
-2.236304	15.879010	
4.386533	-53.088989	
-1.009671	-10.890048	
-5.713791	43.096799	
1.759836	-27.696246	
3.509833	-52.575262	
-0.815683	-39.378183	
-4.645905	-22.112726	
-3.440625	-57.804285	
-4.063779	-29.320657	
-2.861499	57.117932	
4.642139	59.506799	
5.633167	-53.653546	
4.541330	35.529849	
1.923300	-12.243842	
-2.364246	-45.844131	
3.792374	-2.945154	
-3.361346	-47.612851	
-3.269376	-19.261844	
3.052954	3.653122	
4.696408	-14.192197	
0.056360	57.796783	
2.973804	42.217914	
2.398477	47.136472	
3.811676	40.586285	
5.526529	28.975607	
-1.133987	19.296854	
-4.591708	4.191022	
2.394946	61.426297	
-1.761057	-27.147952	
3.211823	-37.509372	
5.625406	59.782556	
5.713007	42.837766	
-0.470364	-54.343097	
1.346109	2.247626	
1.394662	-48.844604	
1.181659	-15.060022	
0.276624	39.260400	
2.841101	-45.693817	
-2.882227	-61.746439	
-1.175305	-13.377795	
5.607898	-0.888898	
3.690118	47.083127	
-1.983609	-3.272580	
2.492941	-50.639154	
-4.097983	57.483215	
-2.614072	-49.680399	
-5.697772	21.419769	
-1.482031	-14.498080	
-5.655051	59.873581	
-1.988702	60.039413	
-4.225604	55.349051	
-0.720209	-3.302679	
4.546057	61.290948	
2.432761	9.670505	
-5.615524	-35.563254	
-5.444595	-27.405035	
-3.658789	-61.085321	
-2.356659	-13.363525	
3.837277	-0.325000	
-4.185764	-3.899982	
3.219537	-31.703513	
-4.554657	-0.206683	
-2.998587	-27.324829	
0.332990	-8.737103	
-5.631961	-44.440460	
-3.394980	29.536115	
-4.402774	52.122064	
0.193069	-55.336392	
3.982294	58.558179	
5.481964	-32.571536	
-0.436966	11.035876	
3.410669	7.149115	
1.943726	10.747244	
5.713358	-35.911880	
3.086703	-1.100259	
-3.261230	11.551721	
-4.183597	-40.167032	
-1.868085	23.613321	
4.049844	42.660059	
-0.248413	56.831473	
-5.682050	33.775250	
-5.530856	36.463303	
3.079697	-15.879187	
-2.180338	-52.803104	
0.297751	50.039328	
1.067993	-0.154449	
5.510641	-43.958829	
3.581631	-41.878979	
3.025635	-5.341510	
0.880701	-19.320233	
-1.255722	12.959384	
-3.767801	-54.117896	
-5.509445	42.029099	
4.612424	4.985773	
-3.056805	-54.994107	
-4.663040	-11.390726	
3.875061	52.277335	
-3.023431	2.327353	
-4.511981	-19.608759	
-2.866425	24.499310	
-5.333762	3.343399	
-4.409677	39.505737	
-3.300433	-25.681107	
-0.505930	55.411713	
-3.432693	41.466867	
1.672864	-52.373795	
-1.977359	45.358972	
-5.484167	-14.063120	
2.965140	54.793686	
4.711722	0.220331	
3.515640	23.099133	
0.032367	28.423071	
1.650714	41.876517	
-3.350247	15.809137	
0.172833	-58.406909	
0.897150	-6.633838	
2.202066	-34.827917	
-4.409842	-57.407794	
-4.305316	49.295346	
-5.670291	19.677783	
-0.200012	-30.858881	
2.951358	-43.348248	
-0.143671	17.357513	
-5.713965	-5.621646	
-2.262317	12.245233	
-4.941766	-4.619629	
-5.502026	16.703195	
4.384741	28.632153	
-0.713184	-38.266931	
-4.833774	-47.526782	
2.659424	50.620477	
2.972324	58.858231	
-4.576913	-25.481100	
-5.326102	38.518658	
3.926337	60.311206	
-2.851920	19.548492	
-5.449149	-45.714175	
5.595734	-50.895004	
-2.343961	58.079724	
-3.167172	49.977908	
2.125110	-6.940091	
-2.553198	51.142529	
-2.807117	-6.106100	
-1.492465	2.501221	
0.160916	-41.576633	
1.001776	-5.631973	
1.928360	-4.262051	
3.626904	19.474326	
-1.513052	29.535208	
1.447504	39.134283	
5.589398	22.456094	
1.214059	49.049152	
1.632953	-2.681992	
0.310611	52.307080	
2.534253	55.714563	
4.274374	-22.915323	
5.683127	26.823190	
5.240723	-12.726190	
0.474326	-53.096155	
-3.471622	-46.524542	
-5.632620	5.986301	
-5.405334	23.841714	
-3.191260	-53.019409	
4.659006	-8.208502	
5.686664	54.860443	
-0.969495	-17.896490	
-0.565689	-51.683353	
4.699435	22.978696	
3.369196	10.327582	
-4.293707	8.263632	
4.987488	-58.302338	
4.308051	-35.646631	
5.594183	-10.704633	
3.293939	43.315045	
-0.278568	-20.972552	
4.059964	-57.837436	
-0.886276	42.981772	
5.451617	60.853198	
-3.854443	56.415939	
-0.129977	19.699588	
1.244806	-29.526840	
-5.702286	12.771396	
2.983752	39.424408	
4.038043	-13.014832	
-1.205389	31.735986	
3.645178	27.725220	
-4.566299	-33.886502	
4.500812	14.976727	
-5.660452	-57.010410	
4.543579	13.971167	
-5.614063	-61.940097	
0.518652	-49.434406	
3.342712	-12.014450	
2.709128	-44.570462	
-1.603842	-51.538885	
3.769058	-44.540323	
4.546732	-25.973676	
-5.745386	-40.955936	
-4.671277	-43.429697	
0.063388	-5.276160	
-0.710916	15.125629	
-1.271161	26.175128	
-5.465497	55.026028	
-3.365308	-8.929874	
-3.257104	26.112250	
-0.763406	-40.995261	
0.423206	-20.240292	
0.223962	-43.144843	
-5.676965	-0.117282	
-4.442572	-10.260980	
1.742804	-51.369727	
5.651666	-7.998672	
-4.458871	16.988345	
-5.547330	27.390433	
-4.997067	25.059152	
5.298175	-20.992911	
4.205573	12.987869	
5.496613	2.771082	
-4.898349	-3.177426	
5.373856	-23.339545	
-1.142490	41.245596	
-4.369885	27.707895	
-5.495584	4.797238	
4.789380	37.105179	
-5.593796	52.746683	
-0.321243	61.858292	
-3.208649	7.534244	
0.348782	8.035278	
-1.980792	-43.009180	
-3.477673	-37.458389	
-3.389038	59.886847	
-2.065735	5.006726	
2.013046	-22.675101	
3.141199	-51.508383	
0.594144	53.449396	
-4.708640	-6.688022	
3.681921	-38.441647	
-1.607428	16.867886	
-2.941586	-51.987088	
1.616376	53.667496	
2.458734	-26.066574	
1.404495	-41.357083	
-0.278033	40.697406	
2.631976	-11.245700	
-5.387436	49.990851	
4.765506	49.419522	
-1.891476	-40.099588	
-1.348099	47.699219	
2.556387	20.044748	
-0.156479	60.752466	
2.419534	34.120441	
5.281052	-24.346613	
-1.259839	17.887140	
-1.802255	30.586581	
-2.644827	17.678195	
-4.423041	37.880502	
1.984567	-1.107388	
4.610159	-41.958356	
-3.180817	1.288608	
3.233948	17.802240	
2.129935	14.874768	
-4.594281	-8.061560	
4.198312	-60.704187	
5.672867	12.751511	
-5.015176	17.912073	
-1.054150	8.491827	
-5.669727	-60.751526	
3.497549	2.085498	
-5.666492	29.698993	
-3.556784	6.295801	
0.361917	6.147278	
3.517444	-58.763794	
-2.090601	52.812515	
1.002377	55.131140	
5.611392	-57.484311	
-3.463525	58.537268	
0.938840	-37.897180	
-4.583441	15.751477	
5.299487	-15.016666	
1.518759	-60.071555	
4.948871	43.517163	
2.155563	58.235013	
4.810843	-9.740234	
-5.691357	-21.785898	
1.392322	47.299603	
-4.135873	22.376624	
2.250708	8.436993	
4.014236	-15.108691	
-1.753510	44.281464	
1.021051	7.292276	
1.542932	17.184091	
-3.616565	48.222589	
5.705890	-33.979993	
3.966925	-17.326837	
-5.235312	7.802805	
-4.660800	1.015875	
-1.177191	24.994052	
-0.360355	2.387000	
-3.342545	-59.071701	
-2.788904	43.261411	
-1.497400	-59.031262	
-1.571790	-21.825989	
-3.527927	-33.435382	
-5.129663	-54.462073	
3.457608	61.243539	
2.984451	53.244089	
1.102676	-7.862665	
-5.720511	-3.786743	
-3.787698	-7.359811	
3.487030	29.141068	
-1.434909	10.581747	
3.170853	-14.486072	
1.394754	-50.314020	
-2.442056	28.101559	
-0.832220	-58.110641	
4.746890	34.496600	
-2.264966	-32.346063	
5.621548	-42.817880	
5.160828	27.984363	
1.928922	-32.226630	
-0.128976	-59.536755	
-2.069907	18.543475	
-4.735245	-30.466589	
0.425812	3.030817	
-2.596606	34.058945	
-1.365326	6.240402	
0.220605	-23.178955	
4.103799	23.971695	
-3.650650	-56.450009	
2.006998	31.917050	
-0.352972	48.102533	
5.688025	-37.200229	
0.979684	-32.593817	
4.424646	50.408063	
1.645459	-14.124731	
5.491125	50.985092	
5.299603	-6.899191	
-2.649219	-40.829541	
0.201031	30.882584	
3.498398	-32.970764	
-4.581317	35.532178	
0.343127	36.791031	
5.389944	39.219559	
3.386859	-34.707559	
2.779141	25.697836	
3.522577	-56.565436	
-4.317368	-13.930209	
-1.525250	-49.630603	
-2.620285	-56.167371	
1.067883	-11.315939	
-3.701901	51.183115	
5.726083	44.776669	
5.531683	24.739096	
-2.264786	41.289142	
-2.278845	-37.971649	
1.014331	25.663376	
5.265579	-18.927362	
-0.138150	12.273898	
-5.384479	-52.740524	
-1.642133	-41.474063	
5.215414	25.740546	
-0.859042	34.218530	
5.557214	1.685464	
3.799478	4.360104	
-2.547440	-7.200995	
2.839026	31.110587	
0.419925	35.478024	
-3.938882	-34.979935	
-5.653436	-15.080777	
2.926324	60.218515	
1.351660	-42.845148	
-4.411670	-5.541196	
-2.045285	50.208179	
0.968347	-54.048285	
-2.032678	46.868970	
-0.206949	-47.358673	
5.630176	14.244269	
2.558438	-3.402142	
3.115546	-18.085977	
-0.035626	-0.849094	
-0.884259	-26.587341	
0.943582	27.397165	
2.920908	32.526419	
-3.078668	44.753210	
-0.136349	-28.497778	
5.722775	-22.380078	
0.661945	-13.484683	
-3.795499	0.490573	
3.989127	-42.867715	
4.255283	38.357169	
2.756631	-27.276123	
-2.191406	26.587296	
2.373508	-38.408591	
5.613101	5.428174	
5.703311	34.898340	
-2.924646	-28.664587	
4.072089	9.413785	
-1.483896	40.223450	
0.773837	48.132382	
5.724017	56.887009	
-1.910937	56.685901	
2.529709	-46.672641	
1.730487	-9.164142	
-2.230231	61.861102	
-1.573331	-0.105261	
4.151108	-16.146390	
4.375540	18.301202	
3.166238	57.771060	
-0.259036	-57.207858	
-1.484027	-36.454831	
-2.109073	42.296487	
-3.377744	27.237195	
2.426804	36.216974	
0.752664	-48.055701	
-5.245193	45.665298	
1.267236	36.185034	
5.519019	52.951505	
3.568732	-27.913364	
0.939783	-16.755099	
2.647507	-59.629556	
-5.331860	-13.056424	
2.297107	38.285602	
4.609418	-30.287042	
-3.426871	61.550797	
-3.397168	37.920343	
-3.293451	-32.199030	
5.485883	-61.852145	
0.782648	16.373041	
-4.657919	50.746646	
3.660522	-8.042471	
4.287167	-23.923294	
-1.731512	59.029382	
2.586169	-33.850909	
-0.635315	-22.263297	
3.450122	36.159961	
-4.054385	-28.265524	
-3.911374	-2.678043	
0.374734	59.839615	
5.701764	-48.126224	
2.059280	-54.352002	
-4.719507	34.437158	
2.160864	-20.014243	
4.236331	-54.342670	
0.366013	38.229965	
-2.034827	13.728461	
-0.230814	9.290631	
0.338028	-50.618854	
-0.233942	-44.272174	
-5.652280	14.319943	
3.130432	8.934503	
3.268137	-40.527716	
0.742075	-4.516891	
-3.687054	20.717233	
5.556049	16.428244	
4.514157	-3.677496	
4.562946	11.971283	
-2.969901	-0.964160	
4.970886	42.014819	
-1.236484	-5.778107	
-4.486752	-21.122534	
3.393967	-9.431729	
-5.495746	22.830661	
5.629337	21.290500	
-2.163055	-9.969577	
1.253937	-36.588342	
2.467905	35.161490	
5.604919	8.890350	
4.106381	-4.953580	
-4.014856	-50.050986	
2.632666	-30.817825	
5.137729	55.879553	
-0.818030	49.627338	
-2.346887	48.026196	
-3.199445	-10.988226	
-4.272327	46.956775	
-1.189520	11.869608	
2.277689	-55.369250	
5.259183	-54.639490	
3.385532	-30.047501	
0.554062	0.792731	
-3.162891	54.901212	
-3.622046	-41.181580	
1.339651	-35.558780	
-5.685754	-23.245703	
-5.482031	-32.771051	
2.729581	-13.149417	
-0.218433	46.984390	
3.296185	12.214774	
-2.030807	-16.968445	
5.727985	10.173898	
-0.893970	-4.504895	
-2.468979	-53.814618	
-0.104050	-25.781323	
1.521716	19.351486	
-1.698175	33.583499	
4.697336	-33.559268	
4.592929	20.440326	
4.130945	54.886343	
5.678076	23.656137	
4.592947	-59.622473	
-3.160349	30.850650	
-1.456641	-53.917801	
-3.433698	39.133487	
-5.647565	-48.150418	
-3.475473	-5.042929	
-5.736432	-7.811819	
-1.142502	-47.792844	
2.004248	59.452332	
-5.661865	-49.274451	
0.770682	-56.720013	
2.625116	-25.016153	
3.597177	5.404813	
1.343585	37.946564	
-5.564990	30.870917	
-2.035605	-23.210159	
2.737750	14.020493	
-4.647974	-53.423016	
-5.310904	-51.654550	
4.677649	53.579706	
5.711880	-5.789062	
-0.115381	-19.171796	
-1.428217	28.420981	
-1.865747	-19.242120	
-2.728931	-36.692831	
1.021008	18.424042	
-5.696848	-36.893234	
2.159598	-60.886557	
-4.470770	58.441861	
-3.364035	-21.841620	
5.093350	40.427380	
5.728336	7.738260	
-3.177499	-20.553690	
3.719775	37.420071	
5.714365	15.375201	
0.353036	4.910529	
5.726660	-25.682077	
4.589606	-51.946964	
-1.125803	-56.054379	
-3.056192	21.891956	
-1.514532	-28.333945	
4.873758	-36.541891	
2.355392	44.320413	
-5.736871	1.172375	
-0.689685	52.144269	
-5.628262	-29.433023	
-2.234216	-57.964590	
1.102951	-44.110220	
4.119235	-46.535333	
1.501981	-25.033365	
4.636652	-47.777740	
3.242776	-4.181641	
-0.060162	25.722455	
-2.345526	-26.026920	
0.990222	-31.394904	
3.107327	-22.322403	
5.658945	-13.794565	
2.213214	-40.619730	
-5.628125	26.178241	
0.137936	-18.179358	
0.591586	33.286520	
-5.642007	-9.297882	
-4.461514	30.777545	
4.029187	41.594730	
-0.959372	-23.274518	
1.382193	31.013492	
4.228635	10.996472	
-2.651630	-12.368869	
0.163931	54.575952	
-0.753494	23.696280	
5.225607	58.525247	
-2.973889	-16.196335	
-4.522424	20.085141	
-1.570306	35.293692	
-0.768762	30.622043	
-2.216129	-29.696310	
-1.582803	-24.132031	
-3.047113	13.825397	
-4.989050	6.779697	
-4.611246	-46.438651	
-5.467480	-24.582455	
-5.732773	9.974838	
-3.825504	-24.520602	
5.650909	-55.668033	
-2.012967	-18.215781	
-2.816351	-23.882443	
1.895746	-28.716196	
3.175534	-60.596780	
-4.256714	-17.381879	
2.578326	-35.912140	
3.654196	-48.364554	
5.093262	-26.938974	
4.648389	-28.010101	
0.224817	-39.004065	
2.298615	-41.853186	
1.364117	43.554059	
3.745981	34.043301	
1.448904	-26.196417	
-0.864856	53.352878	
-1.394458	-55.060867	
2.804755	26.965942	
3.971890	-6.179568	
-2.658041	60.853265	
-5.573099	-59.748480	
-0.305954	45.185474	
0.475769	13.332800	
-2.794611	-14.766891	
-5.536508	2.179889	
-4.802393	33.073996	
-4.548221	11.681519	
-4.667725	61.335577	
-4.439670	36.841922	
5.650052	-29.935974	
-1.219919	-2.388583	
-5.733795	-6.635098	
-5.414569	-10.664105	
-3.359271	10.212973	
4.492075	-61.675131	
-2.220395	-11.370612	
4.188605	-1.522293	
1.792172	-23.885135	
-3.082440	52.054193	
-2.940561	-41.914108	
-5.652698	32.282697	
-2.791934	-2.574054	
4.477811	21.787054	
1.745297	45.751913	
5.698013	-9.124924	
0.057385	-29.527496	
0.349655	23.734555	
1.817392	51.928790	
5.542245	-60.543466	
2.144037	-10.218347	
2.518219	23.373071	
1.392941	61.599884	
1.147818	56.454840	
0.898141	32.152499	
5.275314	33.470081	
0.680588	-60.893469	
3.587842	44.477774	
3.002466	45.964713	
-4.839209	-38.910928	
5.078479	19.521399	
-5.615195	-42.627582	
0.497226	10.264581	
-1.646436	-33.287820	
-2.192392	-1.707327	
-0.682764	-15.753162	
0.137067	22.419073	
2.298929	16.449628	
-0.280917	3.886185	
-0.210358	-2.344302	
2.359875	1.632056	
-4.905576	41.113223	
0.759058	-1.760654	
-0.870361	-45.109958	
3.003656	15.689716	
-1.671353	-7.708585	
1.213336	-47.059399	
0.035361	49.036441	
-0.433792	0.393002	
-4.206924	-52.274371	
4.397778	48.016931	
-1.338635	4.057956	
-0.499982	35.919818	
5.714084	36.654153	
-0.201410	58.812650	
-0.578595	-46.352130	
5.211884	-46.008951	
-0.204855	24.647379	
1.076163	58.808691	
5.282605	-4.555460	
-3.769562	53.187042	
-4.405215	5.360468	
-0.268195	-14.480551	
-4.040134	-31.416187	
2.310199	6.836533	
-3.256119	47.165799	
4.909424	52.142041	
-3.914105	-26.559357	
-3.068320	-34.410986	
-3.292471	-45.271396	
-4.427252	-32.555801	
-4.177325	44.987479	
5.377975	-2.215771	
-4.126248	31.758179	
-3.692493	-12.783762	
-2.954138	55.977917	
-2.248920	9.702057	
5.433447	30.093332	
-3.384634	5.234464	
1.720566	33.379755	
-1.770822	-56.941425	
1.944647	-17.553613	
-3.497119	46.168759	
-1.329266	51.019089	
1.824881	12.110892	
-5.348941	-1.064203	
3.276596	-23.523672	
3.527478	51.170706	
0.608435	-24.482211	
3.433670	1.012119	
5.531830	11.492599	
-1.538995	36.377090	
-5.466818	53.787601	
-5.608768	51.107214	
-3.036935	-17.735608	
-5.651617	11.468033	
3.462582	-61.813745	
3.984445	-49.860068	
4.955347	-19.898294	
2.686179	-2.263217	
-4.643295	-23.212674	
-2.329773	-8.733725	
2.390982	-21.220142	
-1.590216	-61.920459	
-1.590189	-46.601349	
1.887695	48.175201	
-2.137650	32.604391	
-0.613580	44.221677	
-1.318753	20.694916	
5.684958	-28.385199	
-1.711975	55.597662	
4.753360	31.137668	
-4.455075	42.032620	
4.614008	-21.887643	
0.047729	-10.733499	
5.623621	17.961292	
-0.197769	-48.545078	
-4.520981	13.228583	
0.966727	4.042563	
-2.419247	10.866541	
-5.284659	57.510718	
1.170074	20.471451	
-1.016553	5.032864	
-2.887518	40.163965	
5.190887	-17.841364	
1.941269	0.440546	
2.985733	-6.391879	
-1.699570	14.918661	
4.251443	-7.162955	
5.739099	-59.125668	
-4.483228	-37.594080	
-5.292804	-31.752499	
4.709213	-49.163828	
-5.657059	-20.577567	
1.403491	28.550940	
2.899814	11.229767	
-4.624475	21.418222	
1.244931	-57.913077	
1.185117	-39.709570	
-4.726633	59.468777	
1.469901	50.748227	
-0.422324	41.974765	
-5.688702	34.860233	
-4.220810	-18.522311	
-4.533276	2.110934	
5.716269	48.644705	
0.227420	43.442035	
0.583621	45.740939	
5.353711	38.124445	
-3.408640	28.471109	
-1.034998	1.378781	
1.037979	8.833536	
-2.915018	-60.370450	
-5.387988	40.101794	
4.171338	8.355905	
2.725647	-8.524243	
1.319730	-46.056546	
5.301898	-16.676523	
-2.242645	8.100418	
4.343622	-40.483115	
0.276508	21.298587	
-3.912286	-15.041684	
-1.372986	27.409595	
-0.489249	7.183017	
-0.290305	18.543857	
4.970264	-34.855496	
-0.640875	-8.362885	
-2.730750	-39.469708	
-4.572040	-9.131219	
-5.621936	44.386887	
2.875339	-57.398822	
4.034668	-11.155698	
2.560425	37.281219	
-4.271014	-55.398279	
0.531204	-45.314859	
-4.639224	29.760654	
-0.092853	-7.021320	
0.850287	24.644113	
-3.047296	-35.658554	
4.520819	-39.394312	
3.850479	26.475940	
-2.873279	-31.212906	
-1.413583	57.644760	
-2.623361	-24.889719	
-1.929706	48.935278	
-4.554959	-44.917752	
-2.050830	1.019199	
0.136392	34.494531	
0.688757	-3.363773	
-2.427097	-48.422662	
2.697305	-49.498260	
5.406982	-44.976025	
-4.025189	-35.993195	
4.644562	-56.490402	
4.424710	39.568756	
1.561670	-30.542966	
-5.733920	-17.137695	
-3.549164	42.559927	
0.056305	-31.979813	
-0.873633	22.191315	
0.263327	14.622925	
1.290314	-34.414838	
-5.016162	28.757098	
-0.943536	-52.875195	
4.437677	7.097412	
-2.851636	14.872000	
2.053424	3.600723	
-1.302316	-1.121707	
-4.535742	-48.698575	
5.606146	32.173950	
-5.706113	-30.808948	
5.443542	-52.599811	
2.061032	-58.524585	
-2.002872	-35.563312	
5.517679	46.214441	
-2.359802	20.437622	
1.920334	24.984821	
3.737109	53.952084	
-2.343219	3.878748	
1.225159	-61.746677	
3.302255	48.058044	
2.414597	-61.925824	
-4.912659	-56.236005	
4.173605	57.176273	
2.019754	-16.310049	
-0.753519	37.303772	
-2.224091	25.451053	
5.518512	3.908395	
-1.471124	-43.936707	
3.734836	49.040195	
2.741205	4.663181	
