-2.734045	30.405356	
2.573828	12.986288	
-3.372552	9.460727	
3.264108	-48.854840	
2.805505	39.647134	
-5.625089	41.781305	
3.034717	-36.125781	
0.164291	-52.996738	
2.686731	50.727087	
2.458636	43.903070	
1.709073	-38.122946	
3.828287	36.542477	
-0.129825	51.479724	
3.978317	29.844095	
-5.465268	34.875281	
-0.276776	34.670120	
3.650125	40.312085	
-3.562344	20.995142	
5.423819	1.212250	
-5.521735	19.995642	
-5.485907	55.665491	
2.590012	-47.465500	
3.948828	-3.362009	
-1.098294	18.328366	
-1.060239	-0.150729	
-4.363181	-29.809467	
-0.448953	41.745163	
0.081244	39.644489	
1.583029	11.763901	
-0.592569	-58.397769	
-1.205209	13.433810	
-0.537750	-20.189185	
1.511594	44.344324	
-4.806488	0.113434	
5.620667	15.793314	
-4.801208	42.517444	
2.772620	-44.252264	
-3.098050	-17.540613	
-4.978333	39.829520	
-1.209641	-50.062335	
1.856390	24.318692	
1.692657	-22.061530	
-5.577972	49.963657	
-5.575964	-11.983734	
-3.373996	53.758234	
-0.090945	53.284271	
-4.355896	-11.938327	
0.800580	-16.235107	
1.332379	10.423453	
-0.730124	17.198584	
3.443808	-40.614929	
4.541818	-1.274823	
1.735211	20.618250	
-2.142041	0.481476	
1.534286	-47.696289	
1.578543	31.201456	
-3.706281	7.793533	
-1.621933	-58.398737	
1.046481	7.637799	
-2.413098	-57.621661	
5.608640	14.379303	
-2.274026	43.490225	
-0.823962	-59.646649	
-3.756467	-45.006653	
0.176947	6.824667	
5.233090	-50.687286	
2.447571	-12.707614	
2.810550	1.036359	
-5.714651	-32.476508	
5.093094	24.080460	
-3.737326	30.025842	
3.571448	5.626105	
-4.337036	-37.053473	
-5.050018	46.701660	
-2.348386	38.715417	
-5.597018	38.871271	
5.686273	17.203101	
5.669150	43.845935	
4.798978	-44.609482	
1.461392	14.495316	
0.547769	3.803134	
0.254330	-40.011435	
5.501758	-31.956586	
-5.071515	5.560971	
-2.674127	-5.983713	
-0.937552	4.660947	
1.524323	-61.982428	
-5.438040	30.455270	
-5.601581	51.174637	
5.516364	-48.549286	
1.420810	-27.249030	
1.374265	21.914508	
-5.164478	29.421268	
-2.282889	53.504828	
3.278726	52.211603	
-1.752887	-11.559622	
-2.212830	-33.262961	
2.073785	61.590320	
0.257251	15.233313	
2.658807	-21.322968	
4.346576	-16.198648	
0.862662	-35.769525	
-3.297308	-46.808710	
0.654910	57.435425	
-1.978107	40.426007	
2.028781	-3.359833	
4.132376	60.067224	
3.324374	42.964365	
-4.768756	-41.028702	
4.409030	6.333591	
5.649429	-11.381058	
-0.012842	-3.574496	
5.512497	39.367233	
2.939777	-15.673947	
-3.457657	-29.303760	
1.022385	49.268121	
3.299725	-17.170554	
1.150955	-13.175964	
2.076050	-51.366565	
-0.981830	26.298932	
-2.591595	24.750748	
0.074731	-49.195282	
1.814209	0.856662	
-4.543405	-54.020111	
2.223453	-37.062582	
-2.897559	-48.178705	
-1.706390	-34.343524	
1.141281	1.651407	
-5.297021	-26.339679	
3.707928	-41.673322	
-5.601596	-47.711340	
3.681540	-42.953397	
4.643726	-35.030002	
-3.443732	19.565530	
-1.274542	-3.306244	
2.037842	26.731268	
3.672614	2.145688	
0.310632	9.901822	
-2.491013	7.548038	
-2.511606	-16.533432	
-0.004764	38.633948	
0.225266	-61.952133	
-0.652228	-57.311478	
4.643359	10.080423	
3.416333	-37.394510	
0.642474	-22.167612	
-0.689957	11.609534	
-3.271140	-59.764828	
-1.155487	-31.412677	
2.921021	53.630005	
-4.485461	25.922849	
-0.956488	-4.806863	
-5.646255	33.616946	
0.465408	-42.860254	
5.690552	-57.325974	
-4.501880	24.497818	
-5.599481	11.121408	
-5.714359	6.949249	
-5.365283	-49.008170	
-1.199234	58.500476	
2.389764	-20.350818	
-1.042065	50.833536	
0.138754	19.900281	
5.738782	-6.058182	
-5.508246	15.276205	
2.412079	-28.928201	
-0.610507	28.678372	
4.346518	-53.372601	
0.232007	-11.269235	
3.617862	-47.238693	
-3.941779	-26.539117	
-1.451648	-56.596136	
-1.807913	-19.855783	
0.099969	-0.395053	
-3.614755	-56.512982	
-4.422162	4.642136	
-4.633331	-16.042273	
-3.931024	23.131952	
2.184030	45.353180	
-1.245059	55.002081	
-2.373010	44.525388	
-2.509268	20.668063	
2.534366	2.067700	
-5.144247	58.446902	
-0.799756	-1.174365	
5.255316	60.208264	
2.570660	59.023352	
-3.068381	-18.912167	
0.214926	43.744305	
-0.908798	57.041730	
2.499005	-6.288123	
4.711737	12.120087	
4.055814	-9.569708	
3.103757	60.140094	
0.989462	4.813449	
0.528427	46.776920	
4.332813	-33.122629	
3.788098	34.019003	
-1.558215	41.705286	
-4.215820	6.631488	
-4.417706	-46.027435	
-3.997156	-16.948697	
-2.447287	-8.127847	
2.813821	-49.799905	
-2.326370	-60.349417	
-0.054199	32.261389	
-4.944940	-53.046484	
-0.727917	35.837134	
2.437680	-59.830099	
-0.201468	-41.886337	
2.308228	25.434537	
-3.523203	18.069931	
1.714645	-11.676001	
3.711618	35.404761	
1.785712	-32.081519	
-3.946890	-41.949054	
0.069421	-51.539551	
-4.105646	60.282709	
3.694955	-20.756277	
4.386609	-47.929666	
-3.707175	5.605951	
2.294858	-8.580951	
-1.163028	-26.464963	
-3.070392	-35.326660	
0.609808	-38.894156	
-3.875308	1.603265	
-3.642978	-58.228604	
5.711798	-52.892859	
0.956409	-9.050952	
-5.343701	-44.513544	
0.732324	-29.854861	
-4.118420	-31.749323	
0.182745	54.520474	
-1.230023	31.096469	
-3.994592	61.833691	
-4.517288	-5.155408	
-3.806122	-23.568713	
3.255130	-31.421979	
5.078207	-10.145551	
-5.126398	-36.302524	
-5.632980	-16.004916	
-3.544391	-50.513712	
0.021783	-30.990289	
5.642865	48.366800	
-5.632620	-56.089764	
-5.466562	4.097992	
-0.018732	-27.098279	
-3.296704	52.736697	
-1.987521	-51.307721	
5.395868	52.506787	
1.002222	-5.495444	
1.384488	32.316119	
5.706030	33.031552	
3.647238	28.813998	
3.226114	-10.562686	
-0.110617	16.209903	
1.976740	-4.734711	
-1.948636	-18.586966	
5.623148	4.948590	
0.946246	-53.686417	
0.323868	-19.347476	
-5.513379	40.699011	
-1.898090	9.987280	
3.963013	21.978076	
-3.849518	-49.399203	
-4.628632	41.474924	
-3.530399	-7.879672	
-1.231845	47.256302	
3.401590	-13.503732	
2.871439	-54.810739	
4.298358	49.465894	
4.221478	-23.193170	
5.600513	-30.765378	
5.554144	25.961270	
2.263715	19.602023	
5.340857	-23.715714	
-1.695908	-47.940176	
3.412433	15.072351	
3.233966	55.738364	
5.152075	-28.363477	
5.646875	-59.346567	
2.405280	15.424008	
-3.350476	27.519055	
-4.041919	55.134146	
-2.873859	-19.926501	
5.539868	3.831778	
2.947101	49.071512	
0.720688	-59.080188	
-3.075989	-26.000906	
-5.379477	-27.464911	
-2.244077	61.445370	
-4.805579	17.598071	
0.473233	24.530258	
1.277496	-17.334317	
-0.770422	-22.011411	
1.843283	18.360236	
0.958176	-50.460944	
1.358853	15.716617	
1.975659	-33.237320	
0.275668	-44.955920	
-2.254755	13.405725	
-1.173798	32.153497	
4.497260	44.920929	
-3.501248	-61.225403	
-2.268216	31.818481	
-4.482809	-8.718054	
5.636694	-42.732324	
1.955298	-50.316528	
0.151364	-4.624646	
-2.612622	-58.701248	
3.469177	-29.811884	
5.451187	27.038022	
-5.739880	18.616379	
0.783633	35.472665	
2.159247	51.827838	
2.773599	-52.411163	
-2.382098	-43.162381	
3.389362	44.307260	
3.999069	9.151196	
5.163110	-3.843686	
3.046002	-46.340927	
-5.579950	-37.917868	
-0.831223	9.056003	
4.477686	-7.953964	
-2.068182	5.318030	
0.081601	18.755219	
-1.603735	-14.270404	
-0.825180	-47.158054	
1.402127	50.792432	
0.108899	27.395056	
5.452518	30.786917	
-1.420212	-41.416577	
-3.281317	0.649655	
0.969510	-40.929272	
0.870737	23.382040	
1.982214	30.254654	
3.634729	-18.381793	
-1.741653	-24.054474	
2.007642	-18.722003	
4.687665	39.934869	
-3.093536	25.616086	
-5.738489	-50.068707	
3.323703	61.613907	
4.191025	39.029767	
-1.467841	-12.611710	
3.344647	-5.030994	
-0.342099	-32.655991	
-2.044547	-20.995032	
5.155350	-14.650775	
1.691501	39.354169	
-0.779031	-45.123074	
2.384534	47.856686	
-1.397617	12.427979	
-3.257486	-54.422845	
3.456540	13.566046	
-5.739105	-33.787497	
5.688483	-40.619153	
4.043945	24.033661	
1.199878	0.001181	
-1.932495	33.329919	
-0.608694	-27.942511	
-4.713129	49.379449	
3.667245	-61.744824	
2.796362	-39.390323	
0.220682	36.566943	
5.417767	20.494324	
5.416293	47.198990	
0.556851	30.532617	
5.436227	-41.614136	
-4.489127	14.234070	
-3.339545	-55.450665	
5.072382	-5.050247	
-1.545938	-38.388565	
5.071338	-12.500272	
-1.296188	39.400674	
3.907135	-43.929849	
0.694135	-56.626718	
-1.272168	-6.878827	
-0.684460	40.519818	
4.779156	-46.712503	
-5.698431	-8.276364	
-5.733670	-22.597150	
-4.553055	27.215833	
0.689746	-61.032327	
4.496909	-24.475833	
-1.133075	-33.392322	
-3.434586	24.121390	
2.558496	14.374866	
-3.299820	13.629031	
5.166052	-2.698615	
0.721353	60.815848	
-2.425220	-50.407999	
-1.277982	38.374115	
-0.491058	-38.308072	
-0.598300	-55.987485	
5.527078	41.646796	
-0.200320	-35.789285	
1.548535	3.850180	
-2.047281	-44.258435	
5.506293	29.771405	
-1.065948	-17.521091	
1.865701	57.906311	
-5.584656	26.594357	
5.734918	-24.702463	
-1.733655	17.391519	
2.135278	-48.711206	
-1.268542	-60.552319	
-2.627997	47.389880	
5.644138	-61.020895	
-0.941925	61.934818	
-2.532376	-37.881522	
5.594434	-27.357233	
4.407272	51.904825	
-5.277698	56.917346	
3.345322	-28.173318	
4.685141	-37.509796	
-5.607007	48.564017	
4.286188	30.929868	
1.117563	-4.208136	
-3.727319	16.826260	
1.736865	-14.056711	
-2.363382	19.541498	
3.823862	41.523456	
2.447406	-40.475531	
-5.490994	-57.385864	
3.926761	-55.705383	
-1.945944	-25.343283	
-1.674942	1.542487	
1.769571	60.341956	
-4.534695	38.375296	
0.568323	-31.859689	
1.003690	59.148175	
2.868619	46.540039	
1.904370	-45.917657	
-2.643118	59.444205	
2.868054	-42.278470	
-2.825479	-31.998831	
5.566180	-47.469485	
-4.696439	-7.697827	
-3.380505	4.595233	
5.284790	-20.105200	
-1.274081	24.897330	
-2.013763	-45.279910	
0.456308	13.922394	
-2.195749	52.361166	
-5.047906	8.001666	
-2.899109	-14.796844	
4.962952	27.983365	
-3.314575	50.192029	
-4.345560	-4.128836	
4.004120	-38.467569	
2.762329	-45.373505	
0.292496	-60.061813	
-0.735587	-19.096088	
4.110367	-45.960736	
0.285559	-17.518256	
4.398236	19.089331	
-2.879163	37.620987	
0.576071	-25.294858	
3.665451	-58.576450	
-2.989920	48.781863	
2.657956	41.085284	
-1.116205	52.696896	
-1.396036	-49.076312	
0.204999	-21.153592	
2.689926	-25.464590	
-0.325262	-2.406735	
-2.055490	11.286789	
-4.455103	19.503818	
2.504480	28.883252	
-1.628146	-52.579889	
3.655020	25.010165	
-5.656351	-59.192847	
1.745529	52.950806	
4.630109	-56.687283	
2.462845	56.502136	
1.992099	-42.813412	
3.139664	17.975110	
-1.631183	28.592072	
-0.988898	-42.643417	
1.849899	-52.874768	
-1.481775	-29.023245	
0.149039	2.202646	
0.095227	8.164639	
-5.729102	59.449274	
-4.236505	28.253958	
-3.682907	47.493130	
-2.780502	-23.357117	
5.529437	-51.748624	
4.508176	-13.355081	
0.364740	-55.653320	
-5.124792	-31.506424	
3.984180	47.617371	
-3.368216	-1.948141	
-4.432837	-55.316879	
3.816446	-39.582965	
-5.737775	-13.851367	
3.995914	-5.984222	
3.566431	-60.303409	
4.566306	55.584021	
-2.499976	-28.965933	
-4.883868	16.500909	
2.072491	34.016501	
5.628052	12.626947	
-0.330588	-16.200018	
3.717731	56.853821	
4.302118	59.015167	
-3.206378	11.235974	
3.605341	-26.925778	
-2.018188	6.649445	
1.908981	-16.521158	
5.693381	2.645334	
2.986856	-53.536121	
5.678793	-33.803351	
-0.833368	33.519952	
4.756671	28.966348	
3.251785	-11.766397	
4.829752	0.067856	
5.653165	-54.696576	
4.252689	-4.425607	
-4.239697	-19.218005	
1.020132	-48.758371	
-0.480750	-61.198663	
-0.927182	-8.159729	
-1.731393	-5.511816	
-0.125824	21.290744	
4.454129	-11.121060	
4.669485	13.162265	
-4.232727	-48.469296	
-5.034897	-20.283575	
-0.643057	3.335870	
-3.707416	12.136444	
-0.239066	-46.191425	
1.925211	37.137921	
-3.109085	-8.925470	
-4.427808	-24.406555	
1.190311	-20.566547	
0.777667	-36.907071	
0.709140	-54.695929	
-2.765799	-36.568143	
5.235562	-6.935071	
-2.110492	26.685016	
-3.306046	-22.411081	
-0.837396	29.778595	
2.145755	-41.554498	
5.462759	38.350290	
-1.356467	-15.392297	
1.105096	27.292209	
5.526294	-49.633249	
-4.462012	-57.577325	
-2.722125	-13.799915	
3.709399	-44.913324	
1.475858	28.940994	
5.464368	10.744226	
-3.006345	-34.318387	
2.828415	-14.528854	
-4.227682	-10.571768	
2.055066	9.665152	
-0.485834	-14.440152	
-3.537738	46.195038	
3.764392	-22.273032	
5.659198	19.515839	
0.621774	11.360834	
-1.685910	-53.865027	
-0.852707	54.001913	
1.173532	-43.733795	
-3.411890	-11.360336	
-4.573834	20.805048	
-0.640924	-34.277023	
-1.438364	20.489810	
-1.121252	-35.250656	
3.000992	37.410632	
-4.049695	56.307214	
-4.268118	13.171613	
4.206870	27.073911	
-5.441364	-24.449274	
-1.641959	36.287881	
-3.335944	2.828824	
5.598764	31.785535	
-5.149533	22.876782	
-0.898236	-39.310434	
1.057867	37.639169	
-4.602792	-61.392490	
4.531021	-49.280258	
-0.235388	-13.111642	
-1.401590	-2.265823	
2.499313	-61.663666	
-3.854276	-52.762320	
-0.114294	-10.002237	
-0.866391	-25.330939	
1.464438	42.034473	
1.186096	2.650995	
4.683243	16.735114	
2.567355	42.207285	
1.986459	-36.002313	
-5.656064	27.746762	
-5.617917	54.331668	
-3.311414	-40.892682	
3.266864	19.587387	
-2.834720	14.559485	
3.174429	32.546854	
-5.681534	43.196188	
2.735568	11.887753	
-4.252533	-18.021475	
-3.547675	-42.980801	
3.643365	12.405554	
-0.887497	-51.212872	
-5.444894	-4.533270	
-1.961115	23.936603	
-4.109097	-35.577368	
0.334775	40.695486	
-2.208771	-30.918103	
4.794135	-58.569458	
1.490216	-39.684418	
-1.155795	44.976297	
4.731058	23.085754	
3.039572	0.028162	
4.578601	32.973709	
1.880432	-54.646243	
-4.141666	-47.460999	
4.323969	-50.268054	
5.505548	40.583981	
-0.004712	50.155466	
-4.487585	-38.124432	
-2.451956	21.932104	
3.596063	4.547556	
1.806573	16.987790	
1.071793	-30.927737	
5.116455	50.109351	
-4.698593	-51.764667	
-4.410507	59.278970	
1.624628	46.196774	
3.516690	45.335077	
-5.690894	21.680435	
5.646359	54.283960	
4.372253	-59.559332	
-2.983514	-53.327292	
-5.377628	-17.850427	
2.970654	22.808295	
-1.586829	-32.433313	
-2.925394	8.500406	
3.346045	-24.225610	
-5.724362	-40.660733	
0.063281	42.616333	
-0.692972	14.384103	
1.049936	9.183240	
0.261304	61.794119	
-2.568524	-56.207004	
4.241650	3.060297	
4.487833	-17.269858	
-3.292935	28.930606	
5.478879	8.743408	
4.197803	-54.535669	
3.147055	38.485046	
5.277188	-45.727618	
5.579095	21.589914	
5.638211	51.067371	
1.440549	-19.561667	
-5.618430	-19.097171	
-2.293665	-47.074115	
-0.627789	7.421930	
-3.536987	31.017786	
-0.532846	-36.976962	
5.727502	-56.272910	
-2.072171	3.834421	
-3.425687	44.744113	
-0.707401	-11.873077	
2.927682	-7.524902	
-1.447989	-55.445984	
-3.071387	-21.328006	
4.519342	-60.829773	
-3.279678	-28.171317	
2.594247	5.984055	
2.075967	38.349237	
0.335153	-28.368649	
-5.736990	-0.815143	
0.173813	29.587668	
-0.644547	23.962234	
1.809622	-56.638452	
0.351004	5.614716	
5.714716	-35.092380	
-4.324289	-39.205966	
-4.353650	-2.497293	
5.723853	57.353360	
0.582843	-14.038489	
3.351532	-33.674701	
-5.726059	-61.964975	
4.691043	-61.910861	
-5.591156	-41.981302	
4.190530	18.038287	
2.448233	21.773370	
5.555661	34.155502	
-4.458316	2.504477	
2.301849	-34.570303	
-4.363248	-34.282266	
-1.029669	-10.652786	
-4.622189	36.003641	
4.926730	-29.688025	
-5.449561	37.805447	
-4.303082	37.268695	
4.131491	-29.011920	
1.111005	-51.794299	
-3.089792	-0.619281	
-2.633273	-39.587973	
4.203922	14.407498	
2.158734	27.756293	
-0.007812	-23.050668	
-5.675677	12.297220	
5.686649	22.699695	
-1.866919	48.347421	
-0.353577	-54.904645	
-3.140552	58.035818	
-4.924130	-9.641660	
4.598758	34.718188	
-3.519601	-32.903348	
-0.269693	45.848657	
2.922256	23.814972	
-4.978604	-23.524365	
4.731512	2.129868	
-0.104086	-26.098965	
4.360764	54.480460	
-4.578595	52.267166	
1.119858	-6.603802	
4.304593	61.842834	
-2.326358	22.972629	
4.836282	36.225092	
-1.910248	16.263531	
2.370895	31.951382	
-3.604111	-30.623334	
5.640781	55.883609	
-2.947458	-51.957855	
-0.050027	-50.468170	
-4.665256	47.947150	
-3.730896	35.398944	
-1.579709	-9.482535	
-0.669165	-53.630234	
3.091043	27.320554	
-0.827365	5.928549	
5.709753	-18.671521	
1.371317	-59.938336	
-2.673721	-42.164963	
2.985062	-32.739792	
-0.304901	59.447461	
-0.559357	37.530911	
-3.946527	43.633313	
4.175690	-14.890601	
-3.285626	39.211575	
3.807932	-25.482050	
1.625247	6.337198	
-2.466776	-49.235013	
4.077216	-31.992023	
1.463464	-44.820819	
-4.239227	-21.370645	
-2.060254	56.548236	
-1.138599	56.017130	
3.918448	0.924695	
1.106436	-10.115305	
-4.366409	3.618076	
-3.063834	-44.112512	
-1.995218	-22.471524	
-4.243481	-0.794211	
-2.675909	35.701010	
-5.570462	-45.549713	
-0.126389	12.606903	
3.997052	58.010236	
-4.435925	34.357089	
4.249783	8.010535	
4.723602	15.294574	
4.153696	-2.253354	
0.396283	-47.806821	
-5.491019	-39.092920	
-1.858801	49.668610	
5.699329	-39.384930	
-4.385757	-28.403104	
2.313080	-30.818817	
-4.764255	11.783578	
3.808893	-52.428329	
5.382745	-9.188605	
4.925812	-55.396899	
5.396411	6.657614	
-4.966415	1.305255	
2.194385	32.941449	
1.752145	-26.040820	
-4.640366	-13.844751	
2.670166	4.062073	
-5.315854	-28.880603	
3.406937	7.110916	
4.561191	-40.445087	
5.741669	-36.178705	
-2.398618	27.920630	
-3.161545	42.960577	
0.985144	33.235175	
-5.638989	32.319943	
-1.854504	-40.336823	
0.414145	-33.629282	
-5.511685	-43.326959	
-2.995862	-12.289609	
1.919769	-15.465030	
5.217349	18.173541	
-2.836996	15.564639	
-0.842606	49.356323	
-4.289688	-59.154678	
4.402313	42.657443	
1.864664	43.094794	
5.749954	44.999072	
1.992569	49.546344	
1.464667	-28.423825	
-1.055750	-23.167603	
-1.107516	21.913388	
0.916806	-2.838489	
-3.970370	-20.279346	
1.422220	-57.622882	
-4.286523	-44.144031	
-5.484695	-21.591513	
-4.490915	22.034299	
-3.178412	61.039191	
-2.964771	-3.744397	
5.674194	-25.840570	
3.075238	9.758209	
-0.847845	10.329099	
0.350064	17.125745	
4.009259	-7.005630	
0.940817	-15.048856	
5.652051	61.741214	
1.131400	53.856677	
1.411188	56.311249	
-0.226627	23.003171	
-2.972287	55.214786	
-1.323437	23.066467	
-5.105728	-58.353925	
1.881763	-29.785144	
2.659781	8.748062	
-4.555469	-60.391400	
5.702817	-37.215552	
4.646515	-26.115500	
5.704291	24.898730	
-1.909793	34.849966	
3.374091	-57.252261	
2.532803	-17.857596	
4.537564	-51.598779	
-4.265857	-6.239252	
-5.239258	25.211090	
-4.626144	-22.419034	
-2.461389	-2.401532	
2.949127	29.879840	
2.426224	10.685666	
-4.750159	-33.327753	
1.495087	-55.665771	
1.967822	23.030176	
0.481836	45.036743	
-2.062732	29.535648	
-2.680194	1.816891	
5.748782	-0.399460	
-2.420950	18.240762	
0.772791	-12.162701	
1.101788	-41.955765	
-4.007947	-12.944492	
5.641681	35.255359	
4.355417	46.488693	
5.418329	-15.670554	
5.562164	-1.779202	
0.105774	-43.946564	
-5.729782	-51.578976	
3.917404	53.007617	
1.588516	40.582642	
-0.489035	-40.799097	
0.439450	-57.915781	
-5.678287	2.483051	
0.940991	-46.778268	
3.152951	20.875122	
-5.664890	-3.224628	
1.190875	25.964932	
-1.995920	25.671286	
2.900711	-23.256940	
-5.567819	-35.175842	
-3.171545	6.662137	
-1.467657	46.158722	
-0.651428	-29.822787	
1.577567	-1.214896	
-3.447189	-15.687445	
4.592044	-42.228162	
3.493823	-1.472296	
5.532263	7.650055	
2.539325	-2.433771	
-1.877838	8.667975	
2.815399	34.833707	
-4.993912	9.150159	
2.623865	35.864896	
-2.958789	-24.495279	
-5.600037	53.273431	
-1.895706	-59.404080	
-5.637674	10.018677	
-5.628903	-60.296561	
3.447971	10.731467	
4.663727	-36.281656	
-5.433148	-46.559604	
0.838736	51.975577	
2.978177	57.575806	
-2.340445	50.843939	
-5.695035	36.757492	
-3.422742	34.347964	
4.509464	26.101453	
-1.934155	-35.937531	
-3.368826	-10.054190	
-4.537540	53.982355	
3.872418	-12.559924	
-4.270605	32.371478	
-0.005771	-8.587277	
-5.559442	-10.416251	
2.654123	-0.928485	
3.933347	16.020038	
-0.080774	-5.718619	
5.731528	58.841174	
-0.273737	47.813062	
4.531836	-18.867331	
3.112589	-51.407257	
-4.615851	-50.329523	
2.837540	-38.386353	
0.510437	-34.661563	
-1.703571	14.527966	
-5.222723	-14.741669	
5.171857	-22.688602	
2.452637	-26.948230	
5.735233	-38.381528	
3.087219	-19.374042	
-0.777972	19.464441	
-1.161655	15.600320	
-4.663409	-42.720291	
-3.547137	-4.833691	
1.116211	34.517499	
-4.191525	57.815656	
0.124960	25.600922	
-3.116068	40.479910	
1.166422	47.831570	
1.227048	-23.304391	
3.683298	50.610153	
1.873843	-24.358194	
2.811676	3.052731	
1.910236	-7.410809	
-0.891791	-44.035141	
-3.227637	36.592834	
3.262131	31.482736	
-4.263809	10.643747	
2.968280	16.334940	
4.264111	20.855801	
0.630084	-24.234961	
-0.490164	-24.385971	
-1.649664	-61.492978	
-0.048550	-6.986005	
-2.696408	12.483621	
4.176981	-19.875705	
0.793860	55.392261	
-4.427206	45.102359	
-5.559833	23.865472	
-3.334402	32.817215	
-5.628317	-55.043451	
-4.667740	31.116214	
-5.433801	-30.073727	
5.620734	36.895200	
-1.017313	60.402557	
-0.523306	-48.296570	
5.328610	46.034576	
-1.016913	43.341019	
-2.783246	-27.086716	
0.755850	-7.615482	
2.095328	7.837079	
-3.455939	-38.686392	
-3.347491	51.248196	
2.680847	-9.643842	
-5.733585	-7.132507	
-2.136789	-29.909766	
1.381390	-34.127310	
2.125598	-10.578262	
0.886234	-45.761945	
3.476297	-34.813370	
5.414035	-16.854895	
2.821478	-56.229001	
-1.661630	-37.041309	
1.863364	-58.899149	
4.625220	4.805142	
-4.961093	43.956113	
4.522519	-27.352429	
-5.725360	-53.977475	
-4.061453	-14.874753	
-0.845071	0.953992	
-5.656912	14.071979	
-1.296667	-46.197729	
4.671771	25.051462	
-2.623474	-61.885172	
5.028430	-21.606107	
-5.096503	-1.771054	
5.491788	42.798755	
4.424896	43.691812	
-0.966913	27.627350	
-2.397195	-10.464020	
3.327948	-8.861761	
5.650665	-13.513422	
-2.130945	-27.874561	
4.517920	-30.813931	
-5.363483	-6.155017	
