-8.454846	-19.659415	
4.633093	54.821432	
-9.097037	-37.211771	
7.473590	89.770374	
7.297745	95.748282	
8.948828	-29.239355	
3.099255	39.936035	
-5.270123	-81.310312	
5.986511	23.649216	
-0.512631	-83.568619	
0.862344	-83.998593	
1.975745	-28.207941	
6.044080	38.374164	
-5.249966	72.168320	
-8.842377	-43.502747	
6.612265	-92.372089	
3.651456	-63.145929	
-3.592755	6.694199	
6.204242	28.356067	
-0.177521	-76.298477	
0.241855	91.435840	
-1.719467	0.817093	
-5.823810	-42.905939	
6.030814	-85.228625	
-3.339160	47.211081	
8.763571	83.753186	
8.463928	47.535294	
2.889301	24.241940	
-7.236472	91.205179	
-1.228766	87.410907	
-2.463440	-58.497961	
-1.012390	-45.079575	
8.843909	58.121762	
3.920764	-78.762787	
9.335898	-99.427261	
-9.421381	-31.266351	
-5.152255	65.186237	
-5.765588	57.509753	
-0.874326	60.785385	
-5.670609	-56.296521	
-8.791785	30.300327	
-1.457388	59.732605	
-7.001245	28.669095	
3.844815	90.126422	
7.650937	-59.611334	
-7.070972	52.533804	
1.306970	96.412549	
2.869629	41.656497	
6.704523	90.589279	
0.534836	-97.482825	
-7.740491	39.307578	
9.250522	-7.017767	
-6.705359	12.353870	
-3.290167	-45.794357	
4.938345	17.553705	
7.780420	-69.630655	
-3.780576	15.731924	
-7.325079	-63.985837	
7.232910	-85.070288	
-8.073676	-94.782974	
-5.176300	66.772714	
-7.999835	-65.495258	
5.969998	59.130789	
-4.843372	-15.458087	
2.778906	81.973877	
7.521216	-28.425812	
-3.315872	-26.073508	
-1.354211	-77.872507	
7.702124	81.824301	
-5.534283	-77.315237	
-1.651059	67.263379	
3.429269	44.006827	
3.296503	14.621906	
-8.043161	-77.296585	
-2.337076	65.366937	
9.001471	13.784369	
-6.409003	-70.781253	
-6.949698	-41.600320	
-9.237744	92.092316	
2.668488	-68.458414	
0.894272	-73.149500	
8.848438	29.169696	
2.127701	55.388834	
-5.646600	55.162122	
-4.324121	84.530707	
8.915952	3.848767	
-2.104361	-99.206589	
-2.310968	53.280734	
4.513354	-66.098285	
1.468356	-3.068347	
-4.422989	-39.428333	
-4.607492	-54.125876	
-4.925906	-27.941479	
-0.675568	-18.562875	
-4.040054	-81.384360	
-7.495273	-90.633856	
7.246994	57.533292	
-1.430984	56.125919	
-2.394092	-36.428864	
4.478241	56.536588	
3.399200	-8.281296	
-4.119733	78.695300	
-9.123218	15.647632	
8.013058	70.836569	
9.031021	60.229950	
9.201993	80.152161	
6.905905	73.578293	
-6.007034	-38.795984	
-0.376501	-46.388889	
5.220724	-27.800598	
-6.068576	99.137259	
-4.399463	74.612787	
2.893066	-44.657968	
5.747433	-13.563123	
-4.724573	-26.506079	
9.121030	48.949939	
3.602014	78.575479	
-6.141562	-51.997672	
5.986963	92.240103	
6.548102	11.142487	
-3.379095	4.805576	
-7.611835	-56.321799	
-7.093970	2.916962	
-0.375818	90.078888	
2.990457	0.666794	
-1.593680	32.387299	
6.736517	88.710043	
-1.179721	-75.968890	
7.104770	-97.423294	
9.066824	64.579425	
-3.137103	32.553412	
4.000555	15.384641	
-2.449994	-78.117831	
-4.171277	8.106287	
-2.358939	61.456451	
1.638507	-76.586197	
-7.071088	-44.723685	
0.264471	39.067517	
4.633981	71.356714	
-6.379114	9.288824	
-1.514465	-42.112955	
-7.753363	8.735373	
2.889044	-18.252463	
-5.471613	-68.432614	
6.532825	-24.939905	
-8.222745	4.682364	
-3.213446	52.380560	
-4.787912	1.032407	
-8.621381	55.439590	
4.476184	9.352966	
3.149142	-55.245175	
0.112259	35.937357	
-0.549899	-21.652148	
-8.942621	-67.523563	
7.279758	-52.207956	
-9.213983	76.927011	
9.365884	-4.464865	
-2.266595	-71.151700	
0.609201	-86.591696	
0.124899	74.026483	
0.405338	-28.719238	
-3.369629	13.412943	
0.858435	36.627887	
-9.058557	26.558539	
-3.465927	-38.919272	
2.565253	76.716837	
-5.663123	47.170972	
-5.584470	19.886026	
-0.184531	-4.043350	
8.978836	87.259528	
0.939667	84.112860	
-6.517365	59.026987	
0.083932	-44.280634	
6.295898	3.833746	
-4.975092	63.834695	
-6.560721	5.899731	
-3.337851	35.481168	
2.200339	-22.234674	
8.046210	-25.276236	
6.916910	84.288416	
-4.978387	61.892572	
-2.858469	70.636322	
-3.993314	66.664603	
7.398837	-17.258957	
-4.937540	-14.193295	
-5.505896	91.833624	
7.572302	-18.428796	
-6.770432	-35.628323	
5.683258	51.758463	
-7.877594	15.879227	
7.165054	-43.814426	
7.635605	72.208203	
2.814383	7.936069	
8.862234	-55.150366	
8.298267	10.435040	
-4.188495	-71.389694	
8.352667	-10.739740	
-9.446780	-16.362686	
3.711163	-49.949112	
-7.298734	-69.605820	
1.382870	-7.750662	
5.474042	-29.014209	
-3.882697	-87.258862	
2.138120	-91.727722	
-5.492325	56.186923	
-9.348276	-85.886404	
-0.565402	80.124417	
2.185870	62.762671	
4.108893	-19.704202	
5.096533	42.136111	
8.712320	97.606299	
-8.607779	-50.433636	
-4.261371	82.285199	
5.191360	-86.926517	
-6.216284	21.883466	
-2.302887	-95.980475	
2.224673	71.292197	
5.476273	-30.198386	
-4.605338	-20.731885	
6.427213	8.202075	
-4.694397	-45.919867	
-3.225351	84.135968	
-1.146146	-37.259479	
7.011636	-32.500876	
8.212952	85.568649	
2.865561	-76.048184	
8.773587	-26.144986	
-3.491156	26.149591	
3.871783	87.214563	
-2.074463	23.476135	
8.470978	-42.909454	
8.022238	38.638025	
-7.860480	40.956583	
-3.082361	86.846201	
-8.719040	-7.882803	
-5.577768	14.458820	
-0.351736	57.206241	
-7.748734	72.957861	
2.213574	17.674661	
-2.163840	83.463748	
6.946518	20.726028	
8.781134	7.749545	
4.098672	-6.111819	
-1.868604	4.832257	
5.185938	-4.404678	
-2.029330	-85.981464	
-7.581525	-34.781085	
-9.473862	-78.376334	
-7.850473	68.488214	
-6.213422	-84.215115	
0.592712	-51.701199	
9.378168	-79.598920	
3.558792	50.076016	
0.738751	-82.814777	
-8.599521	-84.091821	
3.673911	-96.709445	
2.148965	-74.562875	
-7.051990	-25.482712	
8.745322	59.189645	
-6.411887	73.332153	
2.784430	-86.931531	
1.639523	-19.042291	
-1.177814	-12.980682	
-6.773615	-18.586942	
-3.223300	3.817606	
-1.647632	34.384998	
4.299457	79.415378	
3.049969	45.220386	
-3.568185	65.560504	
-0.021341	-12.406866	
0.741193	-55.897806	
0.342123	71.745450	
2.717596	65.430609	
-8.795035	72.850534	
-0.703305	-68.089429	
-1.486707	-8.642923	
-3.083514	-35.427722	
1.592349	0.359631	
-5.992831	10.235583	
9.398770	84.631714	
-8.109766	-48.123630	
5.061264	10.237534	
-6.382632	4.171600	
8.716748	27.576923	
-6.921472	-49.105261	
-6.097925	63.676523	
-7.696896	75.165204	
-1.298737	65.568488	
-3.079800	93.233380	
5.513693	40.732306	
-7.033112	14.905893	
6.858530	-93.583463	
4.230637	14.180899	
7.562292	-98.389011	
-4.294409	36.524417	
8.553406	95.809427	
-7.906882	23.774448	
-9.047552	-45.428421	
5.405615	-67.426587	
-0.734274	74.616501	
-4.369812	99.124619	
2.076935	37.055545	
-8.456076	93.032047	
-3.360184	28.195239	
-4.764368	21.440155	
-7.582443	82.526715	
1.683652	-44.480276	
-2.723758	-17.384845	
-6.896249	35.119223	
5.709143	-62.500470	
7.064267	44.746436	
-7.614157	-72.396750	
4.890192	-11.585175	
3.450101	-98.948505	
-1.474603	2.303165	
2.706686	90.530728	
-4.580594	40.788266	
-8.795938	-66.530701	
-2.921866	-19.527469	
8.679166	-68.417154	
-4.617560	-93.957672	
8.834988	-32.642194	
-0.336838	65.931598	
-0.315775	-98.776263	
6.767682	-99.253549	
6.812448	33.183728	
4.572363	43.831378	
-7.040280	37.241415	
6.654016	22.525647	
8.850214	-15.345755	
-0.266275	59.159344	
8.833960	52.287598	
0.529605	81.007822	
-5.423566	-0.393930	
-4.454590	24.763751	
-8.200400	-36.090823	
0.924606	23.650314	
-8.048386	-80.880301	
-9.262775	-70.216577	
-4.081433	61.025293	
-8.293503	-82.535013	
1.733392	-81.117487	
1.086505	-18.098441	
5.909811	-93.228220	
-5.213620	-95.212900	
-5.669193	-23.398792	
5.611392	-23.454013	
5.734995	-10.973285	
-1.723041	25.726508	
6.587973	-2.174796	
-5.721500	43.666574	
5.505121	-8.270099	
-6.764355	56.562720	
3.594336	30.002231	
-3.691052	-40.167422	
9.497531	-9.955029	
3.078006	46.659332	
-7.860406	84.476221	
4.044687	61.379974	
-2.995364	24.852234	
-8.895499	59.344788	
-6.907050	33.586511	
-0.032462	3.033319	
8.606049	92.258871	
-0.155060	-10.199515	
-7.355710	31.387976	
1.861581	-47.388495	
2.351984	87.223718	
5.566571	70.296707	
8.246826	-83.472250	
-7.001657	-39.558426	
2.398883	95.896289	
1.685962	-23.197385	
2.208856	-32.345062	
8.055185	-6.818384	
2.921527	-31.088956	
6.542209	-30.704877	
-1.724280	20.499771	
5.661237	63.528201	
-8.366818	-33.872458	
5.255112	-84.289581	
-6.753687	17.155914	
-3.584436	49.419757	
9.431647	-3.424792	
-6.125540	-99.476410	
-2.402689	-15.039261	
1.160992	-54.317380	
-0.523700	-5.702264	
-3.580960	18.433978	
-2.297293	-63.698245	
-1.725946	94.086572	
3.820105	-26.906366	
1.243527	75.245349	
2.439154	27.538821	
0.580994	-48.947775	
1.768362	46.396008	
-2.157806	-11.678510	
2.873224	88.638419	
1.409299	32.765540	
-8.293741	-74.144028	
-8.976874	-99.286856	
-6.899466	-55.385184	
-8.074402	63.752057	
1.291541	-4.596356	
-7.921432	-22.395895	
4.878769	53.689478	
1.507117	-80.014725	
-6.103262	36.196365	
7.051517	-75.191888	
-3.753873	-28.953839	
-1.967242	12.565182	
-5.951834	44.641208	
-4.497504	39.100232	
0.419073	58.116504	
-8.618542	-42.322604	
-2.961005	11.913962	
-0.030124	-20.092880	
9.276297	91.233694	
-7.190280	-31.974057	
2.640619	-63.392737	
9.414417	-8.234637	
-4.377011	-60.740482	
-5.602426	-90.025436	
7.171356	-81.675214	
-3.564066	89.899045	
2.031461	69.825424	
0.180383	-92.931192	
6.969855	36.800888	
-6.008218	88.836603	
-7.200888	79.633847	
5.747375	-21.867743	
-6.076501	11.347446	
-3.666507	-92.646967	
4.120462	-93.527740	
5.294568	73.530890	
5.125818	-39.537921	
6.499420	53.570340	
8.190408	20.331638	
-5.512839	90.144363	
-9.415891	42.029938	
-6.972607	-65.316678	
0.394641	-80.357050	
0.238055	37.614032	
-8.589197	14.673373	
6.022940	45.281985	
4.324869	99.336298	
-8.666592	-13.381909	
-1.913800	73.887207	
6.586075	72.269962	
-6.144217	-1.226593	
-4.107544	-24.871597	
-6.830563	-40.548450	
-2.857928	-66.321478	
-6.008084	-64.170834	
3.638965	72.671616	
1.207623	-93.556439	
5.604022	79.226953	
-5.770096	74.719400	
-5.592615	-9.514444	
5.813159	19.882709	
8.694711	1.457275	
-1.742300	-68.071539	
7.231894	4.459109	
-8.678217	-97.804800	
-4.384033	88.048157	
1.264371	39.118585	
0.405637	15.771124	
-1.164575	-32.943570	
-3.568823	57.391077	
-6.926788	-57.288556	
9.400217	-12.817380	
4.405484	22.031470	
3.323752	2.984604	
7.164380	24.267014	
6.556036	-16.477081	
-0.191797	4.754019	
-6.152023	71.591629	
9.446619	81.629440	
8.373904	41.910422	
3.764285	-71.736948	
-3.468417	61.900900	
0.874515	17.820770	
7.325873	-88.563412	
-6.168893	49.340091	
8.869647	-95.970496	
-4.866275	-30.441113	
-3.835776	58.458420	
-5.053955	-21.828149	
-5.724887	24.402173	
8.537283	93.640424	
-3.936603	-33.666827	
0.520779	11.718979	
-3.037415	73.043491	
-7.517084	-2.737119	
-5.294577	-80.176797	
-5.542249	-59.100058	
-7.279703	96.292441	
2.492297	47.653024	
6.389917	-60.727042	
7.402386	-89.799326	
-2.152731	99.387695	
-8.498187	-61.369025	
-6.032758	-92.817215	
4.089221	-62.044058	
-2.286646	95.108856	
-3.309677	-11.812198	
0.873840	6.406393	
-9.110114	-94.741959	
2.932281	83.511334	
-1.971304	-32.033841	
-1.202014	-34.483429	
-5.489081	93.850314	
5.886139	4.823654	
9.055420	99.061136	
-8.435303	65.584756	
-4.576038	-70.370166	
-3.427396	69.622403	
7.165994	97.391800	
-6.607471	-59.800250	
-0.612830	28.944522	
-8.322589	88.692923	
-3.749268	-43.969470	
2.231290	-6.067194	
8.408997	-2.643802	
5.411157	7.041669	
-5.305542	37.934344	
-5.950589	-91.079672	
8.109186	88.108939	
3.863358	95.543491	
7.695859	-65.800623	
-9.166443	48.286179	
-6.483167	-12.291507	
0.621136	-19.248828	
-4.472528	94.121191	
-0.168536	-22.697351	
5.489557	0.670142	
-5.305185	-96.645172	
-6.642722	76.890878	
6.057373	81.890219	
-6.020337	-34.758997	
-4.504941	-32.590732	
4.889691	19.069092	
0.491357	-62.085709	
-1.685425	30.918674	
2.600729	52.142050	
-3.560907	-72.626309	
0.970334	-98.722379	
0.035843	30.279431	
-1.444559	-30.943625	
5.389185	30.045483	
-7.150781	29.808502	
-1.120355	15.788580	
1.299390	24.747229	
0.400781	1.919424	
9.339209	-72.374905	
3.732324	75.657608	
-4.783392	45.631589	
8.485800	35.859506	
0.388574	49.522800	
8.038348	25.614917	
7.250189	9.423526	
9.185843	-77.026654	
-5.677579	-41.639722	
-0.673428	49.346191	
0.699478	29.243161	
5.143887	-64.943460	
6.902570	40.573227	
-4.309195	-68.187735	
-4.192105	-83.972330	
4.255621	-9.602029	
1.016763	3.137680	
6.822809	-45.743826	
-1.719598	19.485776	
-6.817676	-42.718164	
9.238791	-35.231064	
-6.379739	-81.881683	
-6.824365	7.942688	
-0.702914	62.091772	
-1.908707	18.212183	
9.267505	11.743521	
0.912390	90.418307	
-2.036340	-47.868167	
7.986993	-5.506842	
1.891870	31.333173	
2.066418	-57.878616	
8.865970	17.549902	
7.081097	46.730322	
-6.385147	-5.925888	
-1.706851	-72.310739	
2.942130	-20.355048	
-8.513858	-23.973773	
-2.676382	-42.272202	
-9.491907	-90.875180	
0.434326	42.697449	
2.307922	-1.684305	
1.303278	92.695325	
-4.920627	-92.320605	
7.535641	16.321307	
-2.513794	-50.533841	
-1.723376	-25.038174	
-4.553110	23.495245	
-1.478992	-93.872879	
-3.228876	-67.756293	
-3.271188	33.978860	
-8.189664	13.338104	
1.769513	-72.654828	
-6.028375	-16.221356	
-8.947540	-91.922650	
-1.459393	-46.128696	
-1.664386	63.520471	
1.546741	-53.354724	
-6.100943	-37.737503	
9.455246	30.365649	
8.993033	55.738721	
-3.400153	-77.778613	
-0.911426	-84.509854	
-3.868439	-97.185406	
7.460400	-76.281277	
-7.656595	89.490668	
6.361295	6.691907	
2.587299	18.839246	
0.022845	40.690723	
1.691992	-15.040836	
0.286218	92.554211	
3.124112	92.845749	
-7.034100	-81.070270	
-9.350116	68.797400	
-7.686331	-27.873309	
3.570294	-12.796143	
-5.229028	68.658188	
-5.864618	-33.064099	
6.448502	-59.207373	
7.055673	81.022488	
1.426108	63.798245	
1.769400	15.484805	
3.779202	5.781583	
1.960568	80.615839	
7.369113	43.453882	
4.780112	-40.486496	
7.303012	92.126343	
8.014777	51.339374	
-1.529614	-65.650348	
5.254523	-90.856036	
-3.199402	29.997928	
-0.387854	-90.921497	
2.955875	-7.183160	
1.511624	-13.593542	
-8.437653	27.779105	
2.372534	98.361765	
6.652460	62.119867	
5.468564	-15.228217	
5.729971	-94.902948	
2.309128	38.500497	
-3.393225	-5.116586	
-0.939209	37.472375	
3.271222	58.303046	
-7.427353	70.244601	
-8.865652	-6.309500	
-1.923547	-84.741501	
-7.718979	1.935251	
-2.039053	-49.255231	
1.252600	30.164902	
6.924869	51.893555	
7.278073	-15.420483	
-0.148083	-40.562085	
-4.155820	-6.725732	
-1.520825	-6.787680	
0.069806	-38.300699	
8.381772	-85.209970	
-9.068298	58.062115	
2.268387	53.578711	
-8.562103	37.806003	
-1.651028	-90.963126	
-1.656339	22.270871	
1.798898	7.399246	
-3.385971	76.649341	
-1.537030	-17.893542	
0.674448	7.524115	
9.492419	65.877917	
-6.990671	85.166904	
-9.360898	-33.524402	
2.781519	68.146695	
-7.950879	46.846957	
-6.451373	-61.834271	
6.945636	-3.324506	
-6.300388	32.467422	
-0.218793	-7.756332	
-9.181293	53.833005	
5.050879	1.583240	
8.320206	66.152954	
7.228531	-38.482162	
-9.171396	-77.018692	
8.368542	54.030334	
4.567328	-73.186862	
-3.276102	-15.797003	
1.846295	-30.632703	
2.096841	-41.318546	
-5.372986	27.452658	
-3.430231	-3.162952	
-8.397922	11.011707	
-4.300607	-57.173932	
7.673022	-4.482544	
8.228897	-79.705438	
-7.492859	20.041254	
-6.586133	19.460306	
-2.474103	-46.418463	
6.750854	-35.329437	
-7.810522	50.340326	
-2.175171	-23.475479	
-9.287653	83.829944	
2.951895	22.225974	
-2.962827	75.659006	
-0.367731	-31.875494	
-6.898801	47.770905	
8.706689	-98.295111	
0.835355	-64.161264	
-8.514981	74.455429	
-0.806860	33.346136	
-3.311179	22.963354	
2.360898	-8.035690	
-4.061688	43.749500	
1.735291	-20.576990	
-4.647971	-91.191797	
-7.021082	-51.179996	
7.962103	-37.552798	
-3.940265	-19.312668	
-4.487668	-48.440128	
6.634113	15.857849	
6.396637	-47.536169	
-6.814697	40.486377	
-0.492505	-41.886539	
-6.605182	-85.505154	
0.476147	-77.712744	
-8.491711	-46.783777	
-2.558896	79.268610	
6.251807	75.601776	
0.863696	-47.868539	
-5.884351	60.836765	
1.492938	-39.350705	
-6.070361	41.782916	
-2.635327	-1.762488	
3.229343	-88.695126	
-6.691989	-89.413556	
2.831870	-65.072888	
-3.931711	-52.603000	
-3.884119	-98.892593	
-0.327451	9.364148	
9.369534	38.718219	
4.518079	-33.797937	
-3.547296	-62.280762	
8.511743	-16.743448	
7.526370	82.882880	
2.609039	73.679160	
1.572577	-48.657681	
5.220035	61.973578	
-0.752744	-27.488596	
0.245831	-37.148563	
-5.860223	-10.609973	
-5.077127	-38.187964	
6.386987	-68.143631	
-1.564102	-40.652194	
2.789917	9.083112	
5.224985	57.858463	
-9.192252	-59.332312	
-3.928082	67.954059	
-5.263864	50.738303	
-4.740128	-78.140048	
-5.269458	-62.995950	
3.706512	47.745645	
9.462283	-90.786206	
6.003467	-9.510602	
-6.417596	-63.135098	
-3.874521	-17.293912	
-2.773615	-0.072635	
2.632095	-89.665979	
3.492551	54.056015	
-1.077841	-71.077850	
-9.195789	7.402084	
-4.368286	-73.829208	
5.743817	35.816461	
-0.746130	-58.427176	
0.130844	-63.307062	
-0.982608	-14.756012	
1.486301	57.196548	
8.122302	-72.414236	
-2.610992	-69.699326	
6.156229	-39.204462	
0.777502	61.817975	
-4.762982	95.829703	
-2.722192	59.829614	
9.397433	-86.250705	
-8.604050	-38.729373	
-9.360477	12.259824	
-2.944962	67.726688	
-9.084970	29.101007	
5.333542	-5.975409	
5.982486	-18.389578	
-1.858255	44.303925	
-4.849173	29.426758	
-5.904285	-27.271964	
7.429108	13.732901	
3.320578	-56.820673	
-1.831940	29.208029	
1.115982	45.212463	
-9.368188	-48.988907	
-4.750082	-44.244186	
-4.063086	11.895813	
9.221619	9.947046	
-8.113815	58.423343	
-3.766928	71.138947	
7.202011	-25.974191	
-4.988702	86.080084	
-2.572311	-12.878900	
4.326205	3.294336	
9.230878	-84.137820	
9.479123	42.743954	
2.086292	-34.592209	
-8.464148	1.186383	
4.389694	-1.872141	
8.943515	-73.324207	
-6.447714	-17.632977	
6.350882	85.434338	
9.107736	25.982224	
3.448657	70.742715	
-2.938895	-21.247186	
2.200192	19.837265	
-6.993317	24.287750	
3.266071	-24.473456	
4.454169	93.115955	
-3.723627	-42.722900	
8.661691	-81.893225	
4.874319	-16.749841	
3.829758	-42.104205	
4.921909	-53.498892	
3.056439	-5.162354	
4.417938	-89.148444	
-0.171884	-34.527731	
0.194229	22.891547	
6.307986	80.147415	
0.149857	45.593723	
-7.352420	54.918616	
9.161340	-19.778134	
-6.813095	18.350885	
1.710709	-86.248337	
5.507977	94.906485	
-0.117392	77.928824	
-3.996960	-90.427487	
8.365988	-1.334290	
7.930780	-23.931085	
9.349231	-70.648938	
7.563721	62.543710	
-4.687686	-35.290677	
2.729089	15.920300	
5.975415	-63.569751	
-4.879721	15.604984	
4.860406	-95.622290	
-0.407111	-35.921957	
-1.472629	-0.772906	
-4.551129	52.849631	
-3.407721	91.728732	
-3.051959	-60.562366	
3.842188	84.210559	
0.059323	96.637033	
9.222723	-18.217758	
-9.076047	60.644153	
-8.746951	79.806570	
6.830972	48.952405	
-5.230798	-17.252304	
5.370587	-56.269833	
-9.220737	31.638620	
7.003909	-66.743097	
-9.391406	49.580545	
1.450235	14.340637	
-2.685782	-40.292596	
0.825278	31.381430	
6.935828	30.510703	
0.846613	-41.622556	
-1.979199	-88.610989	
5.517453	96.536121	
-5.183209	-86.600500	
3.736154	81.109958	
1.351062	-96.526746	
-3.795847	-63.856302	
-3.395673	-91.293918	
-8.999109	85.481342	
5.052484	-20.690546	
0.356372	-88.306900	
4.598050	-22.536725	
4.548093	-35.220496	
-5.118130	12.038803	
0.369675	-90.219540	
-4.872720	56.980353	
4.689267	-57.235419	
-0.465051	-0.944247	
9.120844	-14.307559	
3.566919	-68.004141	
-4.641415	-10.660049	
-1.813364	-87.399377	
3.374957	63.359247	
9.361487	-92.397284	
-5.403250	58.695450	
-0.777371	51.485809	
6.268921	-40.260080	
-0.521698	84.724774	
2.415454	-10.671738	
0.505771	-33.095816	
5.033572	84.391919	
6.232379	-69.324161	
0.452408	-45.597043	
-4.990637	4.725580	
-2.546542	57.955795	
-0.825214	71.435635	
-6.465631	-47.239139	
-7.723752	-53.474228	
5.936111	34.164853	
-6.112619	-30.663550	
-0.527469	-95.348639	
5.057593	-60.936060	
-0.317007	26.921762	
7.563464	63.586691	
1.089682	79.812421	
5.120624	33.016531	
8.478268	-52.614203	
-5.371643	-52.813690	
5.693283	21.960263	
4.436572	49.003247	
0.069299	21.191476	
-1.885443	84.493665	
-3.635904	-86.121228	
3.270551	32.328433	
-4.373608	-79.706699	
-5.566232	-50.584561	
5.828378	-76.306522	
-7.740216	76.841702	
0.885562	16.761646	
4.433640	26.379312	
-5.987460	-66.298508	
-4.748120	46.658255	
9.044586	-37.107831	
-3.253384	1.177805	
6.098233	-65.971786	
6.852164	94.000424	
-2.574512	-51.951135	
-0.775943	-73.745087	
-4.871667	32.088446	
0.580035	69.828320	
1.712756	94.481088	
0.348401	-30.107178	
1.128427	77.875684	
-2.643362	90.395422	
-6.697995	-22.258954	
-6.591946	67.694742	
-9.368704	22.363541	
6.595081	56.095273	
-0.093088	12.640356	
-6.007556	62.503021	
-7.411227	-75.729117	
4.737415	-0.336902	
-2.274707	13.615720	
-4.467532	80.885568	
-2.187018	-75.433572	
-4.505673	-50.635138	
0.328406	33.840732	
6.670200	64.064560	
5.221533	-42.766696	
-5.467163	-57.668951	
7.362708	-58.478381	
-1.824658	42.814178	
-3.654941	53.523755	
5.644855	-52.108459	
-8.641443	-57.854538	
-8.468390	18.472006	
2.463834	-82.553708	
9.470581	92.960675	
4.012823	-58.240125	
7.373450	-41.911554	
5.170157	-25.187067	
-8.898621	40.767386	
1.126587	-58.422372	
4.738712	-99.428088	
3.561398	17.233957	
-6.452145	97.463669	
-4.486514	48.287521	
1.346503	52.479062	
-6.696194	51.573358	
9.169247	-30.964346	
9.008817	-88.262274	
-2.953757	-9.977209	
-9.283896	75.705383	
-0.644559	7.497925	
-2.479910	45.838257	
-2.556445	-80.489822	
3.607281	55.837961	
7.499554	-14.188245	
-4.823096	-88.652472	
4.526608	-45.706830	
8.228821	-60.660315	
-7.866479	61.926166	
5.921091	-78.760629	
3.289749	-92.691602	
