-1.744614	-91.766779	
6.954059	-66.639453	
-7.936356	-62.445697	
0.885275	-94.309787	
-4.837344	-98.632428	
6.938971	-70.115338	
-1.079654	-84.094034	
7.431384	-60.533017	
-7.439047	-59.811249	
-1.861737	-55.281851	
9.495990	-60.498337	
-6.935663	-62.442078	
1.944409	-84.059518	
5.655606	-88.320734	
-8.466006	-70.319226	
-1.231302	-89.151923	
-1.718729	-67.593875	
3.465128	-76.249808	
-5.891159	-64.175250	
4.843552	-61.410074	
-8.975519	-98.636133	
8.994318	-71.853098	
2.321579	-65.805057	
2.521796	-88.374551	
-9.467194	-68.554059	
2.848810	-54.115088	
-4.837540	-84.846194	
7.947769	-96.884570	
-1.541782	-53.424765	
0.280472	-64.081113	
4.389185	-55.229440	
6.447134	-67.503497	
-8.974820	-83.172855	
9.482581	-97.764548	
-8.448856	-66.815070	
-3.889508	-58.886337	
-1.673135	-96.904495	
-8.836539	-74.627802	
9.499719	-58.759686	
-7.947751	-81.444995	
5.174884	-94.460718	
-5.831366	-69.375150	
6.122800	-82.340549	
0.323822	-91.722369	
6.627292	-91.806079	
3.042764	-89.249915	
8.969214	-98.629730	
4.937665	-54.205881	
-6.423148	-82.287970	
-2.694382	-74.584143	
6.503091	-55.135580	
9.484927	-84.042999	
-1.171207	-73.697278	
6.013104	-77.090640	
-8.420984	-90.900137	
3.832584	-57.916574	
7.967905	-57.844199	
2.829559	-59.651212	
-7.444675	-94.312839	
-6.937079	-79.699039	
-8.452670	-94.325345	
-7.946063	-65.945010	
5.186746	-96.191647	
1.434375	-98.633878	
5.955258	-56.011121	
-3.853098	-64.169824	
7.730521	-87.082993	
1.854837	-70.168192	
-5.407449	-82.287061	
6.069278	-80.583633	
6.962820	-59.645419	
4.170422	-96.199979	
9.481360	-70.977090	
-6.351721	-90.915106	
-9.495874	-58.020547	
-0.253680	-64.951309	
-1.050055	-87.563278	
2.447910	-83.194327	
-1.757220	-65.850421	
2.805020	-57.900034	
-5.927203	-62.420023	
-3.793417	-93.485336	
-8.479346	-85.754266	
6.059439	-54.198511	
1.035059	-91.011847	
-4.831464	-67.626294	
-5.410394	-58.003149	
-6.987430	-57.132950	
1.804276	-59.695685	
4.669113	-95.331577	
-4.281146	-70.234872	
1.821695	-66.684158	
-0.145963	-71.948822	
0.904880	-96.043500	
-0.542108	-88.425610	
-2.775006	-88.303671	
-0.710739	-91.744043	
1.316501	-65.810281	
-3.261276	-66.725378	
-5.780112	-76.336826	
-0.059726	-85.821033	
4.389084	-69.258337	
-3.785382	-88.318668	
7.438120	-58.750974	
2.447104	-98.620090	
9.424246	-55.829688	
-3.233719	-77.163010	
-3.030984	-53.440689	
-3.762396	-98.672513	
8.483896	-96.021329	
-9.499097	-63.335565	
2.522665	-81.489053	
4.033630	-78.877222	
-6.784454	-78.076093	
-0.213065	-63.210797	
-6.856534	-86.583463	
8.487701	-74.454123	
-7.428043	-66.809653	
4.001471	-77.122006	
-2.153522	-80.625485	
4.356613	-58.774258	
-4.923853	-55.315219	
2.259317	-55.149231	
-0.646121	-74.570789	
-5.334384	-90.894885	
-1.636957	-81.496423	
2.894852	-71.896667	
3.452548	-98.630380	
-5.852649	-86.575369	
-8.784805	-53.773557	
-6.290463	-75.463782	
-8.967349	-76.240753	
-3.753311	-71.087405	
2.497067	-86.648840	
-5.734409	-79.798203	
-7.439731	-78.834424	
-6.361163	-87.452319	
3.877576	-68.393137	
6.710782	-97.078741	
-0.192142	-68.428159	
-7.942380	-67.680023	
0.855566	-92.576523	
-2.865710	-62.387756	
4.588690	-81.516315	
2.921008	-73.643839	
3.965961	-75.363562	
1.509467	-79.752090	
-2.876981	-55.332050	
-0.639557	-96.904489	
-0.227176	-66.682346	
0.470810	-86.680334	
8.626025	-93.599548	
-2.861227	-60.628680	
0.778760	-61.463187	
4.612665	-93.582007	
-6.941635	-69.425912	
9.493350	-92.088620	
3.812231	-56.085553	
3.366718	-69.272479	
5.700940	-98.818411	
-6.459769	-58.041113	
-9.493738	-85.748996	
-0.122659	-96.046143	
0.274063	-62.328860	
3.881421	-70.145505	
-2.362659	-58.034753	
5.400717	-58.782364	
-5.279544	-75.445856	
-5.842026	-84.853363	
7.209833	-96.208456	
4.143973	-84.118771	
4.068533	-89.224344	
7.446677	-99.491821	
9.490649	-69.255194	
-2.750513	-95.213397	
3.336246	-62.308746	
-7.307785	-75.466977	
-9.493250	-99.499216	
5.793912	-86.745410	
4.334152	-57.000565	
-8.988214	-86.617648	
-3.807684	-65.879227	
0.383542	-95.175897	
5.244467	-85.902631	
-5.928690	-57.139447	
-6.028668	-53.486765	
-0.679037	-69.310379	
6.944427	-64.898703	
-0.022571	-89.294684	
-2.224173	-96.068631	
2.954886	-99.499637	
3.591333	-83.265738	
3.105466	-92.710028	
5.698984	-95.325339	
-9.495599	-97.781281	
0.365088	-93.451538	
-6.958304	-58.927219	
6.437012	-65.767102	
6.440594	-64.032959	
5.924823	-68.386401	
-5.332632	-87.442120	
5.398901	-67.517673	
1.952460	-99.490085	
1.979575	-85.792810	
-5.318491	-71.966885	
3.844940	-63.174054	
8.998663	-73.592752	
8.603247	-88.589078	
0.928455	-82.313571	
-7.941086	-71.180139	
-1.183893	-94.349152	
-8.973038	-62.452249	
-6.425345	-99.498636	
7.442322	-56.976627	
7.202643	-94.466757	
-3.783063	-69.361429	
-4.333640	-66.755481	
-9.012402	-58.924536	
-3.112643	-84.125266	
8.474545	-72.713791	
-0.123233	-97.768259	
4.855728	-56.132056	
8.969360	-70.109341	
-5.849435	-90.033557	
-4.288889	-73.687085	
-0.555743	-84.950241	
7.979504	-66.633652	
-6.434995	-59.791418	
5.896530	-59.657733	
-0.610742	-76.287802	
1.260251	-55.235065	
2.322168	-64.063281	
1.816449	-64.929703	
4.454465	-98.626443	
2.024011	-80.617776	
6.809357	-88.495157	
-8.943759	-67.691977	
9.495566	-96.052036	
8.485074	-56.983508	
-3.767120	-96.940402	
4.554309	-86.627600	
5.120764	-82.367587	
4.519183	-77.979416	
1.381247	-71.056192	
-2.234570	-94.349158	
-5.378360	-63.307907	
9.483203	-90.075513	
8.585760	-90.611334	
-8.474765	-87.480057	
0.953400	-85.802911	
0.478909	-88.424295	
8.612933	-91.613486	
5.590915	-81.473175	
-1.074097	-85.821960	
9.472583	-87.064255	
-6.922592	-96.914853	
9.492630	-67.512344	
-0.819513	-55.330881	
-3.271539	-90.893857	
2.855530	-68.409732	
-0.561444	-86.686560	
9.487003	-89.073517	
-9.498862	-65.088846	
3.594269	-91.836566	
5.943964	-71.870166	
-0.272083	-57.942755	
-2.309555	-59.768887	
-1.343054	-56.197040	
-8.456076	-99.497940	
3.924603	-73.635736	
-7.421823	-96.046851	
-2.258890	-66.725830	
-6.407285	-80.549484	
7.954282	-70.120724	
-7.946011	-98.634668	
-6.926263	-64.179663	
-5.827087	-93.487967	
-7.444086	-70.295035	
-3.305240	-65.014307	
-0.746490	-65.822534	
0.936453	-77.166739	
-6.425204	-68.566284	
5.619388	-91.813333	
7.631149	-91.804044	
-8.398468	-89.166351	
0.267084	-57.047556	
-2.240369	-92.638617	
0.409195	-79.741928	
6.338007	-87.586426	
-7.958163	-77.977859	
-1.145938	-80.624435	
-7.941983	-95.186868	
3.963245	-99.499130	
7.916602	-61.413361	
-6.310883	-73.718503	
-8.980923	-88.343884	
5.588312	-90.075854	
-2.197388	-73.712170	
-1.291040	-59.734204	
-4.787955	-74.567465	
0.938364	-80.593527	
-3.140961	-82.376974	
2.552914	-90.123456	
-2.731161	-96.950467	
-8.988687	-91.730878	
7.954266	-98.629352	
-3.213480	-71.968054	
7.949246	-63.139893	
5.145383	-84.109869	
1.800845	-63.192511	
-2.753503	-91.767847	
8.606085	-83.524048	
2.416858	-95.154715	
2.530893	-79.755096	
-3.249924	-70.213116	
-3.366367	-56.226486	
2.097830	-92.728085	
2.965985	-84.051297	
-2.761270	-65.858344	
-3.729169	-78.041446	
8.463324	-64.004108	
-5.898044	-81.412256	
-0.101041	-75.417343	
-4.823404	-69.368750	
-1.154980	-97.764328	
-4.437857	-53.814026	
-9.495541	-61.575516	
9.457416	-82.039490	
9.204376	-95.090460	
4.334146	-60.533997	
-0.737677	-62.345551	
-4.804141	-93.498404	
5.094467	-90.948816	
1.010614	-89.280582	
4.919888	-71.875009	
-3.733127	-72.849612	
-9.497659	-77.088651	
-3.891901	-57.109100	
-5.928995	-67.690210	
-5.313184	-94.360580	
-7.439807	-99.497675	
2.807663	-56.132147	
9.485892	-56.929330	
-8.485522	-77.117163	
-7.032834	-53.546136	
3.510324	-84.895688	
-9.493243	-55.904852	
-4.403558	-61.550012	
-8.490930	-58.046045	
0.820093	-66.682291	
5.055374	-80.603033	
-3.760782	-74.555356	
4.884317	-66.649600	
6.975146	-73.593967	
0.425034	-83.202319	
-5.302997	-92.631006	
1.394983	-74.537930	
-5.822232	-72.840619	
3.536810	-79.752725	
0.766052	-54.300693	
9.474362	-99.499857	
-7.446286	-97.767639	
-0.617047	-78.015573	
9.094925	-75.413400	
5.487808	-76.214572	
-3.750018	-76.305838	
-7.771851	-54.388708	
-5.323236	-85.720920	
-2.445261	-54.313541	
-2.181570	-75.444162	
2.302698	-60.565881	
1.568387	-91.874139	
1.293787	-58.815381	
8.441193	-60.540005	
4.892685	-70.125095	
7.967621	-71.851437	
-2.166302	-97.776047	
-7.438220	-85.768372	
-9.491370	-73.863153	
6.377039	-62.297000	
-2.863104	-58.917545	
6.943347	-68.379623	
-0.170377	-92.596341	
-7.895572	-88.301007	
-0.638287	-98.635614	
7.696619	-85.073450	
2.919919	-96.020599	
5.519626	-77.964972	
-1.782330	-64.077567	
-1.601382	-83.231000	
6.496902	-76.214249	
3.574457	-90.100839	
5.430103	-69.257858	
-6.922687	-65.917838	
8.141394	-80.575247	
-4.384311	-65.048309	
-6.884454	-91.762366	
4.042627	-87.492462	
7.547482	-55.177350	
0.260428	-60.593414	
0.752063	-56.103473	
4.598950	-83.225079	
6.987079	-75.335666	
-0.128400	-99.499435	
0.271515	-65.813605	
0.836700	-70.170627	
-8.993680	-64.203656	
1.453290	-84.933072	
1.790848	-57.897342	
-7.476837	-58.051913	
-2.724619	-76.289600	
-7.948022	-84.898419	
-8.489746	-63.339694	
-1.242166	-66.708838	
-1.708826	-93.496771	
-0.115961	-80.593188	
-2.224963	-68.466949	
-7.431613	-82.303214	
7.140683	-90.927359	
-3.165161	-80.639142	
7.299084	-84.116571	
-8.451990	-59.823474	
8.497293	-76.317090	
2.053857	-90.998578	
-7.987744	-57.170337	
2.396149	-72.787961	
-5.337506	-68.502396	
-7.528671	-56.276224	
-2.201691	-71.945770	
4.378748	-67.526965	
6.930658	-57.885263	
-4.264328	-75.422858	
-4.816687	-88.307126	
-0.755026	-64.071857	
-0.635648	-95.186057	
2.018262	-78.883850	
4.578586	-88.342145	
-7.447653	-84.027283	
-3.774078	-95.233328	
-6.801941	-74.602576	
-1.188513	-70.190659	
-1.860062	-57.086298	
5.942957	-66.638663	
2.605746	-93.592612	
-0.257797	-61.464493	
6.590677	-81.444580	
-4.800372	-95.222375	
-5.815988	-95.229126	
-2.363736	-56.216611	
8.462549	-82.519708	
6.443933	-99.495084	
6.198984	-96.215430	
-6.854837	-93.497729	
5.363351	-60.550485	
-8.492508	-72.089191	
4.398019	-71.004486	
4.904636	-68.393683	
0.782574	-57.910211	
-4.864197	-64.166852	
7.503915	-76.200568	
-2.132394	-82.365268	
-3.240002	-96.087418	
7.732983	-95.350009	
-4.885577	-65.918817	
5.008304	-77.092892	
2.477994	-84.924963	
-0.023343	-87.553354	
-8.473251	-96.039600	
2.592502	-91.850372	
-1.358957	-54.415494	
7.729443	-89.085110	
2.295273	-58.791068	
-6.350513	-92.623114	
8.490894	-67.507840	
4.383679	-65.783871	
-4.303012	-89.174277	
1.534784	-90.134192	
6.909955	-61.405606	
-0.778940	-58.850150	
-8.991986	-95.177435	
-1.812961	-58.880481	
0.448715	-78.051218	
-3.287900	-94.354974	
3.357968	-65.780792	
3.929910	-54.318369	
4.576242	-90.088120	
8.967065	-96.903278	
1.403348	-95.168463	
-6.805960	-76.333179	
-2.728583	-69.344608	
-5.941003	-60.672214	
3.278687	-55.154013	
-5.304550	-96.089969	
-4.328305	-68.498447	
-2.586633	-84.976520	
7.464334	-72.716891	
-8.987469	-96.916306	
-6.272681	-78.948749	
-9.498242	-89.200723	
-1.819293	-62.370068	
8.564929	-79.669363	
1.799527	-54.235608	
-6.944308	-60.687103	
-6.929169	-83.171042	
2.817795	-61.435635	
-4.716568	-81.552274	
3.875082	-66.645013	
5.882620	-57.856195	
7.451978	-67.510373	
-4.436282	-56.228256	
-9.494476	-84.029077	
-1.736423	-90.022418	
4.694949	-97.068677	
-6.334711	-71.970074	
-2.862512	-57.126749	
1.280533	-56.978329	
-0.069391	-77.175824	
5.430682	-71.004153	
6.950119	-98.620575	
-2.237637	-90.893484	
-2.753494	-90.036572	
-4.921786	-62.408008	
0.450293	-84.931723	
-2.099344	-84.100519	
-0.723489	-90.017990	
-6.352454	-89.164029	
7.953912	-68.375772	
-5.981122	-55.267972	
2.382211	-71.027399	
1.290485	-64.063016	
8.491177	-65.756915	
8.476987	-58.750989	
-9.491678	-59.816135	
-6.281070	-77.206284	
-5.824463	-71.100888	
9.497714	-93.102057	
-5.913757	-65.936121	
-5.428751	-59.758438	
6.933444	-63.159286	
5.464435	-74.468756	
-7.356683	-71.993134	
9.447070	-79.033536	
1.376205	-72.779434	
-2.347849	-63.249905	
-0.268619	-59.734296	
8.000443	-56.081110	
-1.675085	-76.310291	
-2.283353	-64.971762	
-7.459766	-65.070126	
-2.767578	-93.499014	
-8.976877	-71.199036	
6.701062	-84.941312	
6.471243	-74.466061	
-1.660962	-78.008545	
9.498486	-65.734854	
-0.071268	-84.071002	
-4.794495	-72.823132	
8.558347	-55.216977	
-6.351202	-70.238284	
3.315387	-60.525778	
-4.807315	-96.958441	
-7.948669	-64.193906	
-4.808466	-90.043637	
7.466782	-65.755011	
-2.158817	-99.498935	
6.431113	-69.250266	
2.857977	-66.661670	
6.419275	-56.950839	
-5.462061	-56.235483	
0.256299	-58.813171	
5.695673	-84.980713	
0.787866	-63.190375	
3.028946	-78.876382	
-1.726279	-69.338986	
1.942651	-77.153720	
-8.454477	-61.588358	
3.085413	-90.974292	
6.462521	-72.726785	
8.606552	-86.562207	
1.510858	-53.249402	
1.997037	-87.516016	
7.970190	-59.654150	
3.024530	-87.498962	
6.201544	-97.944614	
-3.698096	-79.789679	
-5.332193	-54.283972	
1.427814	-83.181100	
7.442789	-69.247891	
-8.450024	-84.029117	
-8.614365	-56.383197	
-4.191422	-80.670886	
9.495242	-80.038602	
-5.836612	-88.306995	
7.961783	-64.879367	
-2.211963	-70.215607	
4.475629	-76.232867	
9.478162	-85.044272	
-8.456949	-68.566232	
0.410223	-81.456076	
-3.798642	-86.574185	
-0.157950	-73.681122	
-0.166647	-70.169638	
5.452454	-72.743378	
-2.616260	-83.242261	
8.974744	-64.874597	
-7.301590	-77.217142	
-6.407709	-96.037976	
-9.493613	-92.594379	
-6.921649	-95.174567	
5.980609	-75.344330	
-7.955389	-69.431934	
-5.349530	-83.975418	
-2.082422	-85.840573	
3.408975	-72.764914	
1.928339	-97.762741	
-5.771454	-78.067734	
-3.265402	-89.175323	
7.487173	-74.464078	
-7.160849	-55.332483	
7.672067	-83.164594	
-4.391083	-58.020050	
4.455420	-74.483676	
6.261551	-85.851660	
-8.475873	-78.833752	
-2.213272	-77.167444	
1.293353	-62.324350	
6.654697	-90.051178	
-6.939636	-67.695734	
-8.462692	-65.082614	
6.165988	-84.092880	
-9.485452	-90.861887	
4.145291	-94.467755	
7.124240	-82.326230	
3.392511	-71.024554	
-9.493683	-80.571625	
-1.165140	-75.435220	
-4.722232	-79.796466	
5.385025	-56.982050	
0.376898	-98.634753	
4.965704	-99.498062	
-2.693085	-72.828134	
2.818503	-64.931461	
9.494986	-81.039380	
9.497784	-76.333917	
5.038879	-78.863153	
6.805875	-86.698895	
3.655707	-95.341693	
-3.192361	-99.496756	
-8.376108	-73.735925	
-9.484155	-66.849255	
-7.382553	-92.633963	
-3.294449	-85.699084	
-9.490408	-56.919760	
-7.978262	-60.704938	
-9.492731	-75.382669	
-1.583209	-84.959857	
6.112054	-90.932327	
5.623230	-93.554538	
7.447195	-64.018433	
-4.316196	-85.703751	
7.683481	-86.075018	
-3.367349	-63.273767	
-4.818399	-91.751724	
4.047177	-80.632162	
-3.890173	-55.340637	
-4.899313	-60.674191	
-0.769379	-60.603455	
8.963559	-61.397186	
0.325998	-69.298709	
1.332004	-67.556082	
0.488281	-90.155704	
1.281329	-60.577151	
1.425375	-76.290479	
-8.984311	-60.710220	
-1.260992	-63.199863	
-0.687308	-93.467380	
-3.872885	-62.403427	
-2.671887	-79.747745	
4.353369	-62.310327	
5.930893	-70.128589	
1.921701	-75.421329	
-2.169168	-78.879803	
-8.967526	-93.456427	
1.511758	-88.394925	
6.421393	-58.784467	
0.941739	-84.059183	
6.996985	-56.052716	
2.831616	-63.183591	
4.072351	-82.374860	
8.460175	-62.279810	
3.372156	-67.520618	
0.393478	-74.530725	
-4.235272	-78.918677	
-0.121912	-78.891470	
0.903870	-97.784381	
-5.821906	-91.771317	
-5.896866	-98.640668	
3.434201	-96.878317	
-3.289999	-87.437109	
8.981329	-59.635675	
6.040610	-78.827850	
7.625665	-93.545700	
-1.156345	-96.044833	
5.551315	-79.722205	
8.163492	-92.682568	
4.692160	-85.003674	
1.914487	-96.029968	
-3.899368	-60.658624	
-9.491888	-87.481891	
4.350339	-64.037042	
-6.931631	-98.632254	
-7.948517	-83.159305	
-8.985291	-69.437323	
8.590842	-89.608801	
7.562158	-79.673325	
3.316092	-58.775037	
-6.437366	-61.558231	
-3.636401	-83.262314	
4.109131	-92.709503	
-0.700793	-67.565970	
-5.209979	-80.671280	
-7.381686	-87.439957	
7.705649	-90.096921	
5.095047	-87.473676	
4.971136	-75.342154	
0.189270	-55.219275	
4.422330	-72.751004	
0.864734	-71.916504	
-3.258426	-97.801886	
-9.493466	-82.311539	
-4.284174	-90.900873	
-7.958054	-58.953421	
-6.831436	-72.850690	
3.145300	-94.462576	
3.347266	-64.057690	
-8.969406	-79.713089	
1.379785	-93.435083	
9.497165	-86.048480	
3.325952	-56.993896	
8.603336	-87.572141	
-3.658691	-81.517593	
3.957608	-97.754855	
-4.297675	-96.092361	
0.991522	-87.539771	
-1.233670	-90.888895	
8.610181	-85.543774	
-6.332825	-94.351440	
-1.691263	-72.837497	
8.599200	-81.519925	
7.602502	-81.427307	
-5.383182	-97.778537	
-6.499045	-54.407132	
7.445480	-70.981955	
0.753656	-59.684198	
-4.218768	-71.974072	
-3.377936	-57.987952	
-7.907996	-90.040192	
-1.181894	-71.961786	
-5.795844	-74.582211	
6.665942	-83.225076	
-1.671747	-71.084784	
-1.116479	-82.353372	
-1.809192	-60.635992	
7.729376	-88.084988	
8.457083	-97.764856	
8.067203	-78.787811	
-2.647800	-81.498990	
9.490698	-94.122198	
-0.208530	-90.875818	
-9.498004	-72.059238	
2.937665	-75.386188	
4.875531	-63.168701	
4.950443	-73.609305	
-4.809225	-86.579279	
-0.363504	-54.283517	
-1.669345	-79.748926	
-8.464459	-97.774594	
-1.749432	-88.291553	
2.999316	-77.136301	
6.624130	-93.547165	
-2.780774	-86.566385	
-4.839081	-83.114902	
-6.851230	-71.113046	
9.489667	-77.346066	
1.410910	-96.906793	
6.954584	-71.854886	
-5.353207	-99.494653	
-4.290872	-94.359296	
-9.343173	-54.826691	
1.460123	-81.450873	
6.430493	-60.505728	
-5.912888	-96.909784	
-4.292798	-92.618356	
-4.294101	-87.452710	
6.700369	-95.343213	
0.339886	-71.052942	
3.038300	-80.620016	
1.476062	-86.657675	
-7.968851	-86.616046	
-6.930438	-81.412662	
6.101932	-89.216452	
-5.284793	-70.256644	
6.524249	-77.951157	
8.991495	-68.378659	
4.036383	-85.763681	
8.991638	-66.629208	
5.970383	-73.599078	
-2.751660	-67.596448	
8.546744	-84.525162	
5.403131	-65.769717	
0.311145	-67.543961	
-3.392899	-59.781543	
-4.765222	-76.318414	
0.391129	-96.907474	
0.914136	-75.429626	
-8.990790	-81.441443	
-7.317569	-73.728360	
5.896408	-63.180112	
-0.650113	-79.741867	
-2.838461	-64.124826	
-4.736642	-78.052252	
5.098993	-89.199734	
-4.330222	-99.498425	
1.949362	-82.324420	
8.225876	-54.204498	
-5.244531	-78.921011	
2.858511	-70.145547	
-5.941013	-58.898291	
7.560022	-77.924734	
-1.125665	-77.147845	
0.406628	-76.291870	
1.449890	-78.025342	
-8.467154	-80.589044	
-4.912204	-58.888037	
0.374188	-72.808621	
0.914850	-99.491092	
-7.835715	-74.585144	
1.893762	-71.917111	
5.188638	-97.941995	
-8.253870	-55.313010	
-8.916888	-90.022931	
7.043729	-78.811243	
8.904337	-78.183328	
4.092636	-90.964157	
4.873022	-57.912549	
3.559830	-81.509467	
-4.763876	-71.129990	
-8.477481	-82.302847	
-1.222089	-92.622342	
-7.851212	-72.876370	
-2.719958	-71.082376	
2.945328	-97.751932	
-0.334555	-56.234610	
8.351889	-94.563583	
-3.599097	-54.368945	
3.844073	-59.637521	
1.802097	-56.117450	
-4.266531	-97.807394	
-5.264853	-77.202139	
4.877518	-64.912881	
7.979749	-73.591736	
6.126572	-92.675446	
-2.279431	-87.432614	
-7.826773	-76.361646	
8.462970	-99.495401	
-6.414081	-97.776407	
-4.897665	-57.130026	
-7.455612	-80.557205	
9.475995	-91.079807	
5.117914	-92.690302	
3.546811	-88.370752	
-4.246017	-77.178955	
8.974475	-63.140500	
-1.150894	-78.869897	
5.896707	-61.405948	
-0.830756	-57.110913	
-7.964236	-93.450687	
7.091394	-80.562772	
4.543976	-79.737253	
-3.213144	-78.906415	
-3.809039	-67.626749	
0.973630	-78.906674	
-6.486105	-56.164169	
-9.017249	-77.978769	
2.453763	-76.279181	
-1.150879	-99.499939	
9.499924	-62.285699	
-3.818048	-84.836633	
2.311700	-57.028485	
-3.207446	-73.712250	
-6.363489	-85.710071	
-2.365503	-61.513281	
9.497919	-72.718433	
2.332739	-67.552094	
7.023004	-77.080386	
9.497363	-74.483920	
6.441672	-70.988898	
-0.669312	-71.085840	
-8.457986	-92.579120	
-5.322543	-89.175681	
7.065582	-54.288971	
-6.408875	-66.808820	
-7.958475	-96.907962	
-8.991788	-65.973105	
-2.727127	-78.028711	
-0.619940	-81.475635	
-1.261411	-64.963239	
3.013760	-82.361395	
-1.572299	-86.701306	
-5.426492	-61.539810	
2.484726	-77.997113	
1.331165	-69.296112	
6.187317	-94.452133	
-7.433655	-63.312921	
-5.383368	-66.789377	
4.605331	-91.830844	
-2.688580	-98.630664	
2.026501	-89.253366	
1.830179	-68.424014	
-7.451794	-68.559836	
-3.770102	-91.764267	
8.470889	-70.987006	
6.556131	-79.691827	
3.836032	-61.429437	
-9.492786	-78.860260	
-6.417123	-63.315878	
3.876639	-64.918500	
3.916840	-71.881348	
3.609943	-93.576215	
5.429984	-55.159882	
-8.983237	-84.888730	
9.480447	-64.003455	
3.533850	-86.630353	
2.306354	-62.325970	
-1.653494	-98.634949	
-0.664572	-72.818634	
-1.287018	-61.497171	
-7.386765	-89.178787	
-9.499203	-96.042825	
-1.705380	-95.206116	
5.920813	-64.891278	
7.416736	-62.281760	
-4.420114	-59.777905	
3.514319	-78.001764	
-3.264749	-92.628238	
-6.407312	-84.024612	
8.397244	-77.320566	
-9.498312	-94.314014	
-0.136224	-94.319559	
2.348557	-69.282874	
0.801773	-64.941998	
-7.886737	-91.755652	
-6.883585	-88.307172	
5.380746	-64.044714	
2.428033	-96.894742	
-5.408746	-65.056232	
0.900040	-73.668201	
-7.964590	-79.694336	
5.647266	-83.237430	
3.437369	-74.513620	
-1.358774	-57.972577	
8.457141	-69.243814	
-9.498709	-70.317401	
-3.785782	-90.030774	
-7.380222	-90.890045	
9.469943	-88.073642	
8.026474	-75.347363	
-5.307376	-73.700809	
-5.916394	-83.150073	
2.433817	-74.518192	
9.016794	-57.877136	
-6.413846	-65.056061	
-3.282401	-68.492334	
5.370776	-62.267453	
-2.252563	-89.162631	
-4.335226	-83.979074	
1.805731	-61.456808	
-3.383826	-61.518695	
-4.144876	-82.392465	
-3.249164	-75.427197	
0.815097	-68.425195	
-1.199811	-68.455347	
-9.040634	-72.957458	
-7.449677	-61.564404	
-6.939737	-84.891122	
-6.856259	-90.028680	
-8.312411	-75.480402	
1.904147	-73.668365	
4.869757	-59.662061	
-1.678766	-74.573724	
-4.374319	-63.293265	
-0.078619	-82.336136	
2.996384	-85.781897	
9.484061	-54.812341	
1.894379	-94.295660	
5.696783	-97.080411	
-0.582147	-83.201358	
7.132510	-92.671182	
9.492511	-83.040945	
7.449768	-97.752628	
