-9.205872	-70.920535	
-8.936978	-10.755472	
1.973505	57.131113	
-4.041898	14.422079	
-0.999368	-74.100131	
-0.202786	60.055768	
5.605960	48.769919	
-7.674966	45.023810	
1.943460	-40.486005	
-4.417722	52.562369	
-1.627530	-50.770093	
2.509576	-44.290729	
-5.710861	-98.236182	
1.500012	-9.329221	
4.816217	69.499152	
0.932123	88.453452	
0.854880	-71.979956	
3.305850	-99.389709	
-0.457214	50.052948	
9.043121	7.036389	
1.364508	-52.679547	
-5.897833	-74.760754	
8.942792	-2.996710	
-0.684445	-17.591397	
-1.961633	-34.037518	
0.051910	29.157867	
-1.853195	44.099677	
-4.055957	-7.552081	
4.916980	-72.693640	
-0.285190	24.828403	
-0.797946	-36.245859	
0.280063	55.059082	
8.413181	25.953195	
9.049484	-61.975189	
-2.073056	41.078848	
0.782779	-84.096570	
2.980402	51.777341	
-8.522958	-53.967767	
-2.061014	-95.253757	
8.083575	-97.444629	
1.079590	-21.512473	
-8.419360	52.157834	
-5.879077	-51.649057	
-2.422314	39.463803	
5.178824	51.312909	
5.015909	-20.886398	
-7.287671	-90.466287	
-0.021609	-49.384705	
-7.023697	57.061221	
0.790927	-16.309100	
8.199118	37.301746	
-2.247440	23.491437	
1.407278	32.222269	
-7.231873	-41.453360	
8.484543	69.172601	
-6.556702	36.244733	
-3.492050	40.756738	
3.099725	-62.942294	
5.867444	-20.320898	
-9.047696	-41.293347	
-8.191544	61.105240	
-9.482181	-60.242593	
5.560059	-44.359436	
-5.843600	40.143405	
7.605130	24.696756	
-7.607178	-87.072821	
-4.675510	-19.565640	
0.636346	-92.627908	
-2.892801	-89.139551	
2.143219	-63.485120	
9.317001	54.329318	
-5.487256	-20.170398	
9.105658	-34.937253	
3.323450	-11.878699	
3.970422	64.707123	
-4.762314	-58.828668	
0.976517	-1.677863	
-1.384952	71.387097	
-0.330341	-98.442148	
3.720251	71.094412	
2.046823	66.013400	
-3.282260	20.609320	
8.131757	-31.751157	
1.767572	-38.813358	
8.064362	-77.127972	
4.173401	78.868600	
-5.201544	-25.934668	
7.223676	18.118210	
9.218469	-77.764639	
9.362305	50.439853	
-9.439166	-97.117560	
3.972107	-17.703625	
9.380240	-46.055939	
-2.360925	-88.046808	
4.527985	-55.992682	
4.624307	-14.878586	
-6.811938	-44.300241	
-0.538544	40.518979	
6.634656	9.591907	
-1.375247	27.808395	
7.975107	0.949136	
-4.526041	26.108780	
-2.892004	-35.129028	
-9.296371	-83.916562	
5.269522	-68.821710	
-3.619244	-96.596472	
-3.659164	18.291809	
-3.997913	-92.413470	
7.123151	-94.113522	
4.250751	-93.064816	
7.468747	-26.699728	
7.313849	-61.918500	
-3.321451	16.448264	
-6.994992	-92.630093	
-5.919565	-99.246255	
-8.331750	-70.037738	
2.766895	-89.310782	
8.293753	10.344595	
-5.052899	4.374670	
-9.032401	-35.289536	
-7.059033	-78.266824	
2.953677	-8.786423	
-2.001865	34.597598	
-8.013797	35.653406	
-3.564487	71.581339	
9.348596	-9.093729	
5.404135	-96.396396	
-1.402438	-24.006046	
-1.047314	-34.706857	
5.711935	-90.777988	
-1.828537	14.423315	
5.372025	62.838293	
-2.567624	-13.933801	
-4.741977	-90.958240	
-6.792038	-46.997485	
-3.652271	-95.304163	
4.798788	3.444705	
-9.119241	-89.441479	
-5.639154	-48.715570	
-4.667624	15.353763	
-6.431308	-71.894974	
-1.309070	-95.990894	
9.408572	-49.012952	
1.805908	-55.068262	
1.958694	-26.872250	
8.039163	-68.140649	
-3.148111	-93.282980	
5.426666	46.191327	
5.892419	20.334256	
-8.565482	6.730032	
-4.175879	45.044247	
-7.012289	-73.027783	
4.407770	-22.748108	
-5.013647	-17.538297	
4.326736	73.822913	
-1.727750	31.981036	
-6.503046	-86.064786	
3.653693	29.458350	
0.018402	-29.075226	
1.999228	-92.441974	
8.479935	-98.747702	
3.374118	-96.826199	
-7.351248	-84.170575	
-5.746835	-32.571579	
5.435382	26.275522	
-0.924158	-51.908096	
1.635605	-3.159009	
-2.462015	-49.130374	
-6.163977	-88.243597	
4.223114	-96.000952	
-3.995148	-43.514819	
4.575583	-50.650961	
-6.388187	-95.128165	
1.415369	16.563806	
1.004108	-94.377386	
0.028754	-1.168948	
1.752536	10.987335	
-3.389609	-58.323019	
0.045053	78.398801	
4.578033	-35.174985	
0.150912	48.722159	
4.009772	-21.733264	
-1.136206	29.197668	
-4.656686	38.247531	
-3.488229	-11.482339	
-8.609995	-81.863788	
-7.826724	37.390884	
-1.111868	-99.477557	
8.592239	75.007028	
3.379065	-3.135138	
-8.683670	49.085760	
4.399683	-90.533844	
-4.370129	64.617978	
9.341592	-54.453412	
0.384274	35.632996	
-4.171301	-24.103891	
2.888846	-61.100385	
1.641925	-47.539966	
-7.909866	-5.729391	
-5.728671	-97.226581	
-8.768427	44.141431	
-2.759332	68.194409	
-6.250671	-3.061957	
5.497079	15.933466	
3.071912	-73.510547	
6.310037	-31.565161	
-0.078418	-97.009540	
-6.875284	46.374225	
-3.739377	50.661731	
5.347159	-92.441016	
-5.579828	-36.101306	
-7.871057	-88.495917	
-8.523773	19.415445	
3.858420	-58.273810	
-5.786066	69.367310	
8.091562	-66.313898	
4.672491	9.254837	
-3.913507	34.493927	
7.099942	-33.241138	
-3.759531	-97.587161	
-9.031317	67.013205	
0.991879	56.747989	
-0.296548	7.545923	
8.422043	-94.225421	
-4.661374	-4.600476	
-0.651126	73.647266	
1.000006	29.511575	
5.541107	-87.967114	
-4.622174	62.747339	
9.194449	23.585648	
0.181467	-18.103189	
-5.387192	-83.244458	
-4.699872	59.459402	
8.845242	29.468274	
8.254285	-83.562405	
4.131064	46.805515	
-0.350043	62.060474	
1.915805	-98.238007	
9.342358	37.159247	
-8.320593	59.786530	
4.721078	81.314941	
1.062427	-57.325568	
-5.024426	-94.603235	
-1.827042	-14.988126	
-4.644391	-44.800204	
-2.912579	-8.474561	
5.345389	-94.334497	
-1.590506	10.439355	
-6.787659	67.851675	
4.711569	44.867374	
-7.146304	-29.823804	
0.347757	-9.442099	
3.004083	-29.744449	
7.127518	-91.314395	
7.309518	-98.374918	
-0.333646	52.196091	
7.079016	29.684982	
0.698358	-20.570288	
-5.584543	55.790256	
-7.720419	-91.922171	
9.236633	-87.279349	
-4.382755	13.065826	
-8.070184	-31.979385	
3.300732	-32.223499	
2.822134	71.891193	
5.741876	-35.531769	
6.471085	63.005972	
-6.346805	63.212567	
-2.576401	74.199655	
-5.625998	-57.003665	
-1.447775	-12.312924	
-7.404813	-57.648093	
8.410754	-39.181961	
4.004153	-0.263663	
-4.328558	22.052509	
-2.082224	-93.521512	
-2.678906	-19.076266	
-8.595364	-83.166989	
5.278116	56.558441	
6.824014	-29.679456	
-0.406549	2.651437	
-4.158130	-75.174619	
9.344064	-89.926178	
-1.650421	-82.840955	
4.853818	12.079193	
4.832819	10.747363	
-7.572531	-51.540356	
3.591748	-87.282477	
9.055417	-92.968942	
9.181467	-99.483356	
9.327625	-37.176001	
4.853970	-37.192328	
2.754456	27.339417	
7.701328	67.879865	
4.084183	1.361343	
7.962747	-47.450394	
-6.057700	-70.881888	
7.195953	-21.738409	
-6.967160	52.669052	
5.969098	32.489474	
-5.374814	-1.753534	
-3.148032	-65.294614	
0.316168	79.465558	
-7.372568	-54.090875	
8.720233	-82.189093	
-6.831265	-14.393576	
0.433859	0.880652	
-2.870364	-63.517892	
0.707056	-96.340192	
-6.721140	-98.306940	
9.451947	-92.028091	
-6.372864	-62.201154	
1.315668	-67.748386	
-8.904810	-75.751419	
0.728711	-54.671643	
-1.760019	-59.068280	
-1.216757	-22.682892	
-8.563748	-84.999673	
-9.306900	-96.100345	
-3.878519	-88.911575	
-2.602365	50.070416	
-0.997772	18.495886	
0.879724	-97.330411	
-9.202365	7.612909	
7.867209	40.637881	
-2.557053	63.750537	
1.748538	30.358936	
1.214578	-45.833575	
7.012930	75.089606	
3.137775	25.292596	
-3.685834	47.553387	
7.509003	0.011710	
-0.054190	-85.721692	
-2.138208	-41.639664	
9.483017	-79.319150	
-7.705051	-98.548376	
-8.281580	80.882468	
2.073895	-93.832513	
-2.415161	27.797574	
-0.841455	47.864621	
-8.373318	56.392184	
1.850415	-91.448050	
-3.491855	72.743222	
-4.436517	-95.992337	
-4.505167	-35.942590	
-2.836993	-6.035492	
3.563913	-36.811481	
4.078256	-95.008795	
-1.727094	-21.511307	
-0.151892	-93.892685	
1.624634	43.080841	
8.123264	21.862891	
7.298224	-3.208542	
-1.702350	-0.179028	
8.494958	43.562921	
2.688220	-13.228333	
9.490540	-90.983276	
-6.653644	64.193561	
-1.568253	-74.966159	
-6.532098	11.556757	
-5.723929	-50.320334	
1.990051	-84.943536	
-2.400183	-0.897052	
1.688736	41.844727	
-0.463724	-75.533600	
9.169650	-20.658661	
-6.704932	-48.567871	
-8.855566	-44.936105	
-6.472971	49.821252	
6.863559	-82.887585	
6.746735	-6.711331	
8.748157	55.852234	
0.939944	-90.514764	
5.322379	-99.452576	
-3.241644	-36.929694	
6.434964	-40.388181	
2.460818	17.485052	
7.966479	-64.277271	
8.344080	-27.981711	
-8.264661	-96.386511	
0.626120	-51.023926	
-2.436633	42.044327	
-0.343338	-61.024103	
-4.446600	85.365784	
-1.439349	-8.345267	
8.129446	-91.800003	
-8.380167	-34.044208	
3.894263	35.721426	
-5.282355	-54.006107	
-8.176767	1.799139	
-0.083496	-94.927460	
2.054535	6.562265	
0.850806	-63.025333	
-8.355457	-30.931888	
-4.331064	-57.548010	
-5.792926	-90.490250	
-3.448636	-33.804373	
4.224951	18.976102	
3.610846	3.879498	
-5.629343	-43.003516	
-1.136224	-97.086374	
3.394525	41.979449	
-8.464371	77.112717	
5.616837	12.741586	
0.407101	37.663031	
-5.236865	-89.203671	
9.447360	-62.948868	
-8.575452	4.380383	
5.736356	-3.895886	
-7.224631	-37.978690	
-0.521887	32.325369	
-5.213171	54.164142	
6.972205	13.605249	
5.991516	47.099533	
2.723703	-31.164999	
2.787283	-36.130045	
-5.407516	-95.659845	
-1.579541	-89.791260	
8.673889	-61.021136	
-6.846158	83.239459	
9.491629	-88.257861	
6.657074	-9.316846	
-8.104791	51.185812	
5.694254	-42.058163	
1.530792	15.387845	
6.491495	-10.967187	
7.255563	-84.986444	
-9.407028	25.153067	
-3.099722	-85.713104	
3.356396	57.755771	
8.165497	-10.099963	
-5.153647	12.367297	
0.739230	-33.442001	
-2.963834	-14.904987	
-3.935818	-74.064267	
-4.873886	-78.145724	
-8.417108	30.590741	
-9.210632	-0.428787	
-3.658395	-26.612292	
-4.059387	39.217767	
3.708344	67.469269	
-3.077780	26.933179	
1.849774	-60.821964	
4.261136	-78.100858	
6.439996	-37.287366	
2.640970	-70.368668	
-5.125180	-79.966876	
-4.633395	16.777951	
-4.159439	-80.948721	
3.978333	-19.428769	
8.370810	38.600714	
-4.469528	5.338611	
5.390378	-32.409082	
8.979492	71.610736	
2.626703	-57.195102	
-5.605939	5.332645	
0.702136	-64.515225	
7.521268	65.609940	
5.101785	-27.969357	
-7.050546	-93.766284	
-7.678476	-7.357443	
0.983585	-99.490005	
-8.266925	23.184009	
7.416116	23.230972	
3.199222	-95.669473	
-1.235889	20.707843	
3.694870	26.962967	
-6.819952	-32.370154	
0.569412	-44.282498	
4.253275	55.116574	
6.670566	-43.513812	
7.806262	17.062769	
-6.124255	14.373758	
-1.515289	63.844427	
4.141238	-69.488129	
4.309109	20.946973	
2.558640	-20.269254	
1.614835	-4.530685	
-4.483630	0.847604	
-3.578574	-99.410608	
-9.322574	57.982410	
-0.123944	-58.403421	
0.969171	3.750406	
5.813702	64.089401	
2.890097	-91.675308	
2.225745	-94.901443	
5.212869	38.659534	
-3.937955	-39.402191	
8.801501	-69.296359	
-0.392297	-73.231186	
-8.573901	-94.156036	
-4.043158	-77.432379	
9.221985	-65.875000	
8.668079	-25.957648	
7.791769	-95.158389	
-1.911444	-44.412183	
6.228232	53.136105	
-2.967535	-92.209225	
5.494452	-56.896716	
-0.040158	63.032330	
9.042795	83.184454	
6.203201	-70.524036	
6.281638	-93.517664	
-4.532343	55.219977	
1.692456	-29.414383	
9.465634	-95.819614	
-9.210269	-49.738467	
-2.776917	-55.714642	
-3.481097	-15.983093	
5.917224	31.357599	
3.364502	33.173276	
8.821118	-59.711514	
-4.712408	-30.618018	
6.276859	65.467679	
-1.370416	17.499805	
-5.688046	-9.118564	
4.192267	6.477133	
7.512585	30.694318	
-5.622473	-39.183749	
-7.264087	19.136694	
-1.362479	-29.081598	
8.697763	17.794092	
-5.638251	-30.134274	
4.967502	94.669736	
2.242331	-50.143060	
4.350845	-10.607971	
-3.090186	8.999435	
6.838580	-88.238065	
-4.296011	-20.702435	
-7.292560	28.930643	
-6.489713	-75.616754	
-7.418738	21.918802	
7.688498	77.694815	
-4.431454	20.851410	
-5.769684	20.719022	
8.343689	-90.420566	
6.318079	-98.005533	
1.685413	-41.697720	
6.496170	-49.914410	
6.319620	-95.398459	
3.032486	21.713965	
-2.683994	57.993063	
-9.169763	20.493893	
-1.546463	-98.443027	
0.242874	5.010834	
-7.400943	10.799585	
-0.989279	4.016855	
-2.453217	-96.534607	
-2.041956	-20.086896	
-6.271198	-96.311798	
-6.013336	16.817609	
3.651010	-37.840878	
-7.052206	77.466519	
-5.396332	-91.765750	
-5.451636	57.220081	
-8.620206	-4.196854	
8.011792	46.859872	
9.268213	13.918909	
-3.751602	62.117792	
-7.941113	-16.348065	
5.684146	-9.002087	
3.614246	39.601373	
-1.994672	2.296512	
-1.553128	-87.093954	
0.998987	-19.323761	
-2.433554	3.758368	
2.027170	-72.673578	
-6.499704	-81.337308	
-6.855289	-21.753384	
-4.618912	73.954086	
3.163992	-93.159525	
1.829306	-25.849585	
-1.843015	62.884836	
3.464435	-55.007419	
4.821213	13.991644	
-3.994629	-2.680194	
4.912512	-66.614301	
0.580890	-77.397330	
-7.295117	-59.804385	
-2.564932	-68.780508	
2.557474	49.516666	
4.566324	-79.289661	
5.949588	27.261441	
-2.445953	-47.533972	
-6.248868	-23.597247	
-3.359326	5.866159	
-7.564661	-19.224469	
-4.280566	-28.587070	
-3.663589	-30.392395	
3.350330	-74.615314	
-0.459702	57.085754	
4.136484	-59.938818	
-0.432043	76.854572	
7.518198	-72.837112	
-5.417825	67.399326	
-7.382816	-39.775140	
-8.038406	-93.275430	
7.783493	2.990216	
3.995953	-91.904181	
4.602945	-1.979779	
1.491074	45.575659	
8.909756	-67.089807	
0.401035	-56.416760	
-0.409143	-55.489700	
-9.247382	-5.030060	
0.999249	-73.422745	
4.593512	25.476743	
5.414761	33.452979	
6.611575	-92.535464	
9.117200	-47.308054	
-6.134341	58.343793	
-7.544568	-64.815234	
-2.101657	51.648459	
-7.759146	70.567792	
1.160876	-70.665152	
5.672998	-53.621497	
-4.972388	-86.669623	
-8.343005	0.408417	
1.174072	34.927551	
2.737271	8.701889	
-3.678204	-66.531894	
-9.351343	-98.210297	
-3.399252	1.953635	
-9.317484	-52.754050	
-6.352164	-15.723569	
-6.109821	-94.146042	
-0.454718	58.580533	
3.130139	-34.685391	
-3.809607	-56.402890	
2.820462	46.364639	
4.339532	-99.059015	
1.555786	69.182443	
0.219290	-23.463461	
8.617432	-23.132431	
-8.538113	-25.290756	
4.484756	-32.998660	
4.687250	85.246970	
3.781564	-98.170016	
0.993707	-27.975781	
7.794669	-40.631177	
6.687897	-46.871286	
-7.448178	48.548450	
7.972845	45.474338	
-4.216541	-98.574344	
-1.291342	-4.523431	
9.075220	-96.914493	
-1.206064	-16.287430	
-0.232101	11.442453	
-5.440091	-15.305807	
-5.441177	11.176367	
-1.540106	60.779361	
-4.534195	33.433093	
5.107504	4.963684	
-6.667084	-91.293134	
3.490668	-7.156570	
-1.342838	-94.368912	
-3.809991	-78.962393	
6.482138	-99.167007	
6.581570	-74.568372	
-2.921439	80.087790	
3.732593	-47.597073	
-4.783737	-99.442908	
-0.843185	-7.015845	
6.842972	-66.056299	
-1.714270	-71.046884	
-3.482932	0.673035	
-3.064261	-94.436713	
7.789130	54.620395	
-8.552701	33.264127	
2.010345	37.375052	
8.108563	-88.712943	
-9.328406	-99.270911	
-2.543378	17.559106	
2.679312	-41.432901	
8.736694	-74.251785	
7.422052	-16.311179	
-5.220560	-93.612088	
-7.954239	7.961984	
-8.009033	-17.587244	
6.974304	44.686673	
9.021692	5.188092	
1.759055	54.825552	
-4.834259	-51.449103	
-5.203918	19.397900	
8.440433	15.905542	
6.036819	21.665323	
0.730148	-98.404901	
-7.518707	-2.934583	
5.931415	-81.323087	
1.599979	39.448047	
-5.163257	-22.679605	
5.277719	-98.140555	
-2.582501	25.378018	
3.374350	5.367371	
-5.707623	78.029379	
8.318930	-81.191904	
-5.860471	-55.688986	
1.293817	4.730786	
-2.524197	-31.994165	
8.889774	-12.475018	
-4.176221	-93.797754	
2.292877	31.292682	
7.890698	48.755618	
8.455469	-53.179843	
-5.784909	-73.246185	
0.150470	34.491022	
-0.557785	-19.932547	
0.951279	-82.000232	
-7.390506	-35.133502	
-0.771915	-92.705347	
0.814548	-14.922336	
-8.294601	-90.162610	
-4.930109	2.536670	
-7.477316	-8.912317	
-3.808447	-87.869916	
-6.218127	54.202573	
-8.032925	-58.779468	
4.802649	-71.156424	
-1.733047	36.515204	
0.596555	-48.353244	
0.148123	-74.424109	
-6.659909	-10.505701	
8.127167	-15.278104	
6.808759	5.896445	
5.429810	-61.119611	
-9.077353	-51.485126	
6.288861	-71.781744	
-3.036548	-42.239410	
3.978210	60.337277	
-0.000363	-79.445004	
-3.975595	-27.629947	
-9.483713	-94.900641	
-8.426596	-57.477493	
-2.946515	-90.452820	
-0.034109	-99.468430	
2.485226	62.016089	
1.949146	-87.868130	
-9.455438	55.028070	
3.563464	-28.798059	
8.939908	-40.204645	
4.536002	-42.464709	
-8.718793	-32.797473	
-2.833420	61.282428	
6.900192	42.224173	
8.989462	24.704617	
4.586603	-26.035657	
-7.593039	-68.833917	
-1.573309	-91.561429	
3.476480	24.179025	
7.517719	69.448941	
-8.834637	28.665271	
-2.829214	-79.247925	
8.692426	-55.849173	
7.908630	-45.440915	
-6.470993	30.565372	
0.316940	-7.618677	
-7.087314	-99.417688	
-2.514468	-54.054813	
9.390314	39.596744	
5.978699	-89.686014	
-9.414697	-30.018268	
2.808960	-97.661966	
-0.246179	-95.956964	
3.110364	-59.621570	
7.050296	-89.591763	
9.223416	-51.312836	
2.099945	-66.588284	
9.197354	-4.524380	
9.478549	-94.592834	
4.290619	-64.047894	
-6.538702	13.270648	
6.652597	8.079645	
-9.399011	18.745712	
-0.152423	20.662808	
-9.292734	-67.776685	
0.600937	-80.805197	
3.340070	37.582281	
-1.136737	54.655762	
-6.002261	-11.886029	
-1.103976	-85.631845	
0.170691	46.944873	
-4.325137	24.281207	
-5.167719	-64.198318	
-4.798071	-97.638391	
-7.204398	42.801715	
-4.405521	46.721854	
6.998090	-27.663000	
1.141010	67.666278	
6.462671	11.115598	
-6.479950	27.085626	
-6.235663	61.858432	
-0.355969	75.054831	
-0.084790	-89.943433	
9.378384	-23.901776	
-0.318375	-38.087369	
3.318185	-16.844254	
5.883383	52.156305	
1.992099	22.576233	
-6.068695	21.918332	
6.718192	-12.153677	
4.351199	63.080008	
1.759445	28.259033	
-8.793155	-7.518814	
-8.640601	-39.622775	
-8.183194	-97.505670	
6.366553	-96.908282	
-7.159354	39.994791	
3.740341	-66.969937	
7.542783	-56.528003	
1.945258	21.358368	
8.839035	-73.200409	
4.161938	-81.795483	
5.714368	67.056125	
2.035101	-99.286942	
4.204541	-27.471802	
-6.647675	81.158658	
2.359131	33.297665	
7.642175	52.552014	
-2.583395	-60.681052	
-9.346417	-92.474280	
-4.675836	-38.638342	
-6.820923	50.846909	
-0.019073	72.234021	
-8.581482	-19.008823	
5.013361	-7.714722	
-0.704010	26.673380	
-8.274399	-27.956357	
-1.410315	-57.002832	
-3.796378	-49.184067	
-8.756616	68.249286	
-8.554913	-95.284732	
3.994528	2.424011	
7.298334	-58.570227	
7.022729	14.806656	
-2.832727	65.288644	
-2.518130	-28.912158	
-7.775287	-45.211111	
-7.263754	-95.811609	
4.880341	40.969748	
-7.121646	-65.845981	
-4.904715	61.025369	
-0.622635	-66.009729	
-2.209860	69.342123	
-3.211011	56.501477	
-3.674609	-67.781854	
7.219763	-13.851505	
-5.340005	74.778955	
7.843320	-20.420941	
2.436295	-69.331174	
9.404984	27.801227	
3.905725	-86.267712	
6.286917	69.327063	
6.861859	19.059546	
8.698447	-43.522720	
-0.148129	-22.456836	
-4.590109	-60.043924	
-4.786298	-42.274744	
-8.804965	11.402582	
-7.892551	-75.418140	
3.905273	51.124918	
-5.888065	-13.785538	
2.051788	-83.748068	
7.205386	-48.139288	
5.166681	43.480569	
8.690207	-70.566278	
9.474771	32.896283	
-7.526797	-74.198398	
9.070044	-29.380844	
-2.832486	48.822372	
-4.001270	-69.804044	
-7.208987	75.470850	
8.154108	-36.271820	
-2.147958	-37.790347	
-0.044128	39.116391	
0.492166	27.937100	
-4.463937	8.020825	
-5.744547	-0.106668	
-6.983105	23.896469	
7.987836	20.037955	
-5.715738	46.165637	
3.581760	27.984027	
-8.282458	-99.407773	
3.291516	-94.372412	
1.398920	19.239383	
-3.004977	31.075861	
7.739661	8.335507	
9.411441	-98.089795	
3.134283	34.262296	
7.248505	-18.191183	
-0.142844	-91.597501	
8.504343	63.491489	
-2.035675	59.033710	
-5.746625	6.838162	
8.896658	-75.782132	
8.975473	57.296722	
5.637103	-51.542606	
-7.685458	-62.045935	
-2.345749	-99.187283	
-4.779437	81.711057	
4.509943	-97.261731	
3.339505	59.064273	
-1.081482	-62.554947	
-7.037460	-96.954877	
3.135754	31.898563	
-5.292447	31.860101	
7.415524	-96.509827	
-9.255356	-37.998849	
0.793445	-86.578009	
8.836322	47.685925	
0.930261	40.982281	
9.310843	42.325504	
1.537906	-95.777478	
7.524942	71.696988	
-1.422623	13.327563	
3.834738	16.971359	
-3.443781	22.786139	
-9.277850	-91.462906	
8.339835	28.514966	
-7.016385	4.166156	
7.542740	-35.238577	
-5.164847	29.612143	
1.923206	51.772461	
-2.163852	33.043048	
4.210199	-88.756918	
0.715320	-53.570761	
6.915430	-1.163168	
-3.930371	-52.172559	
6.299265	71.669653	
0.961554	-0.096991	
2.232050	-81.926114	
-1.207620	-69.893091	
-7.259021	65.808594	
-9.161224	47.197119	
-7.995474	-78.951172	
-0.623587	-32.957709	
-4.700388	-8.686697	
6.500403	-79.615012	
-6.808932	22.796320	
-1.438693	-84.182584	
-2.910660	-59.549658	
9.242169	-31.279422	
0.712738	5.969080	
-2.725424	43.384488	
8.295917	-8.810367	
5.501187	-59.551367	
-5.808997	43.384970	
3.219705	-79.893912	
-8.836780	53.509509	
-6.454089	-46.033142	
-6.504425	-66.683032	
2.169412	-10.637567	
-8.566745	14.371008	
-0.230414	-81.912259	
0.720255	14.571341	
-4.482086	-82.246597	
1.756287	2.407211	
4.521164	-44.729037	
-2.144955	-97.586209	
-5.055142	-69.341006	
5.586743	0.890341	
-7.480914	71.655481	
1.855478	-96.918387	
-0.912759	68.323581	
-1.911539	77.663800	
-3.007190	-98.426157	
0.526913	81.341653	
8.044989	-93.280859	
-5.372064	17.781430	
6.851605	-68.728952	
-7.184424	14.584818	
3.630460	-45.673972	
7.070364	1.925635	
1.750006	78.078107	
8.018521	-1.240155	
-0.422229	21.881180	
-8.380325	-63.454355	
2.761700	40.587347	
7.651556	-99.358517	
-8.333344	-48.776291	
-0.831671	-71.558633	
-5.646817	85.075244	
8.697525	78.728455	
-6.608884	41.387656	
-8.893790	-16.657739	
1.538770	9.738101	
-0.145908	-47.157132	
7.493878	-78.002481	
8.346945	-96.058994	
5.884854	59.340338	
-9.251920	40.073721	
5.077188	-95.441122	
-7.538373	-10.004910	
6.328970	25.170917	
-8.001517	39.016110	
-7.225833	-27.452902	
-1.045441	5.323615	
-7.009363	-82.445258	
-6.273071	10.218805	
-8.636948	-1.383151	
-5.445343	41.972839	
