3.817972	-35.126547	
0.600266	32.619077	
-1.330762	30.517142	
5.671887	-8.049490	
-4.457092	-2.815982	
-3.324060	-60.938306	
3.010782	-32.157242	
-1.225250	3.060419	
-0.724072	21.685532	
1.138327	-35.262100	
-3.532999	-25.621387	
-0.794852	-17.946750	
5.583987	54.329645	
-3.749823	58.931003	
-5.709814	53.339764	
2.990198	28.006235	
-2.604395	-32.088690	
2.943112	-49.616623	
-1.620905	46.083719	
1.801663	24.079062	
4.376068	33.352188	
4.577762	-35.918219	
1.840759	-15.995587	
0.475772	-23.261813	
-0.022528	-8.793234	
-1.141699	-30.261621	
-3.203488	7.469669	
-0.201971	8.990924	
-0.234872	43.160855	
-5.479391	14.330432	
-5.603900	32.878580	
-4.180603	24.577573	
-2.150085	40.096127	
2.089566	-41.638568	
-1.174515	-25.198718	
-3.461484	-51.657727	
-5.681836	34.122217	
-1.159570	9.437051	
2.653778	-16.927939	
-5.497748	-40.475061	
3.856070	45.388156	
-4.381424	-15.230283	
1.531430	-44.335455	
1.469830	-17.470410	
5.698129	-55.987292	
3.501105	-37.947360	
-5.052594	-14.296521	
-3.807571	-50.501883	
-3.284784	43.255161	
-0.970432	23.040201	
-2.456320	-2.150339	
-5.511044	-53.139758	
0.503955	-60.706720	
5.515634	25.787903	
0.511548	60.967728	
5.670856	46.152066	
2.398517	-11.451089	
-2.389407	47.446994	
-4.468314	2.321976	
2.099072	21.834091	
-2.685211	-35.355838	
-1.305670	-51.174341	
-0.687189	-61.980679	
-5.204639	48.518161	
-0.538455	35.110385	
5.664062	36.768674	
-5.647650	-35.685980	
-5.517978	-50.651184	
-4.420743	-46.334366	
-4.591968	8.844632	
-1.510596	13.123819	
0.031854	-9.989145	
-3.374976	15.538422	
3.186783	4.073294	
4.355453	57.985150	
-2.768954	6.411917	
3.168015	13.370743	
-1.604587	32.979819	
1.860416	29.187390	
4.211865	-15.919244	
-5.618024	57.809521	
-0.708185	11.677850	
5.080579	-0.345221	
-1.302960	-26.204144	
2.317868	-60.784760	
5.747644	-44.390616	
-4.759854	-25.999896	
-3.682300	44.201550	
2.560550	-40.704037	
5.364893	22.904788	
3.778998	24.540750	
-3.154254	-11.365262	
5.712183	42.002399	
5.597263	20.781482	
3.902856	-9.329361	
-4.552948	60.248254	
2.576523	43.209024	
5.659613	-37.297531	
-2.144379	-28.042804	
5.694147	58.568866	
-4.587930	37.831488	
-4.890158	44.949664	
5.439877	-33.567191	
4.640375	-19.469400	
1.534619	-2.635928	
4.866595	-39.419037	
4.282809	49.854456	
-1.164301	14.882883	
-0.331244	-50.876883	
3.660675	3.160666	
0.128705	47.364142	
2.306741	-5.136163	
-1.361887	41.470081	
-5.667905	55.966147	
3.666455	1.864285	
4.610196	-45.711526	
3.196475	16.600693	
-5.215686	17.031509	
0.773105	24.224149	
3.713745	5.369101	
-0.514120	-24.233414	
-4.583994	-5.020685	
4.460428	55.729373	
-3.996951	19.882251	
4.531973	7.465048	
3.941406	-55.184631	
2.676099	-48.611774	
-0.870313	46.783377	
1.813416	44.592401	
2.195291	58.149207	
-2.302637	-26.842603	
-4.530682	43.334888	
-2.193655	36.542114	
1.491235	43.118634	
3.701437	59.274255	
-0.378616	-40.298730	
3.310938	58.089166	
-4.324725	-58.914169	
5.632733	44.896039	
3.212988	-45.862183	
-2.107599	-53.252435	
-3.059235	-29.088925	
1.898550	-39.928558	
-0.641467	-35.403931	
2.642062	-10.444736	
-3.695178	-58.061011	
-4.401709	21.096432	
-3.525790	30.710327	
2.648322	20.851602	
-3.441870	-44.283386	
2.474460	12.300458	
5.149484	47.460223	
-3.070752	48.801666	
4.672763	-37.660471	
-2.215906	-10.096204	
-1.690128	18.281006	
0.384601	11.825980	
0.174701	-25.041840	
-0.957385	-56.378336	
4.702704	31.146387	
-5.656708	8.113287	
-3.633984	1.641690	
-4.542786	39.127112	
-1.734631	11.213110	
2.808325	-20.816867	
0.806348	-33.933368	
-1.775717	-38.111172	
1.955234	41.053366	
-2.099304	-33.219470	
0.220059	-47.684937	
-4.575900	-55.749927	
-3.539557	51.207852	
-0.164276	23.688641	
2.698926	-54.266180	
5.396835	32.522974	
-2.134982	-23.416901	
-3.324164	20.924976	
-3.469702	-7.391568	
3.056357	41.578003	
-0.916418	-45.063474	
-0.061401	-11.208426	
-5.297464	15.634695	
-5.621332	-15.394400	
0.480179	8.188712	
0.339310	-26.970297	
0.011679	54.096643	
3.631747	-21.523843	
3.067987	49.231561	
1.098392	21.535605	
0.706912	-3.976065	
-4.236710	54.829330	
-0.310724	-53.651022	
3.229224	-8.348236	
-4.070135	6.941489	
-5.656738	46.824744	
-3.565039	-55.366742	
-1.966217	-60.227078	
-0.314584	-20.708899	
-0.930716	10.536026	
3.158066	54.116818	
-1.572281	55.709323	
-2.284644	17.100534	
-3.418726	-53.093182	
4.355899	37.458774	
-1.942633	57.993750	
5.680652	-22.606693	
5.726157	-17.095999	
5.737625	-26.957794	
1.918625	-56.164609	
-4.077176	-48.763013	
-1.538934	19.379550	
5.660733	9.781085	
-1.529614	4.565726	
1.757037	-48.061246	
2.443808	6.361597	
4.548981	13.226971	
0.833127	-46.877679	
3.345193	-5.194550	
0.315125	-17.678223	
3.581363	17.827771	
2.126923	42.159869	
1.837460	-49.831110	
2.349146	30.442392	
-5.613339	54.753827	
5.707751	-9.562000	
-1.904697	-48.685156	
1.700293	-26.572354	
-1.080273	-47.005042	
-2.482214	12.134998	
3.954691	61.545053	
2.206564	-23.983643	
-2.608142	29.673959	
3.873865	42.369302	
-5.735345	2.325070	
2.256229	55.505698	
-1.309738	-52.614688	
3.086972	9.651736	
3.123041	0.383231	
0.404272	-12.313727	
-5.733438	45.712793	
-4.784247	23.150668	
-2.198520	-47.540375	
-2.763901	61.891934	
-0.407938	32.510248	
2.433981	3.397287	
-5.620514	-30.204169	
-4.713223	-44.788004	
0.914148	29.547379	
4.244351	36.057031	
-3.840836	0.021481	
0.602405	57.031967	
2.376904	19.695453	
-4.933508	-36.536996	
-5.674933	-17.658624	
-4.932104	40.414120	
5.368060	8.115170	
-1.529468	-45.887473	
0.397232	-45.130826	
-1.862909	-42.109518	
5.437869	27.905862	
-4.700381	5.427908	
-5.747784	-57.863287	
4.675549	-44.629852	
5.627350	-41.000662	
-3.368304	-14.952274	
1.082254	-36.516901	
1.209497	-13.368649	
-0.689465	13.954425	
-4.521960	-4.010934	
-1.127087	-10.471542	
-5.039365	-12.154611	
1.350131	6.935428	
0.603238	13.207855	
-2.168900	-1.032092	
5.715527	10.947656	
4.645743	-28.120892	
-0.649622	52.085818	
-2.259625	8.715997	
-4.658371	-35.177350	
-4.692258	-29.672137	
-4.360181	17.868994	
0.898120	-16.373245	
-1.667355	-39.421909	
0.451260	-31.794196	
-2.037796	28.733279	
3.672247	-29.655917	
-5.343634	11.208426	
1.386511	-11.912088	
2.904507	-44.873865	
-5.531546	-16.488138	
-4.464706	-11.271481	
2.213861	40.044641	
-4.295462	27.351297	
4.507388	-8.485773	
1.206985	-57.420248	
-5.713867	20.444193	
-2.723407	-43.273364	
-5.706509	-7.534000	
2.299799	11.115988	
-1.644827	51.634607	
-4.467957	14.690784	
0.540485	-2.418436	
2.689105	-22.913412	
1.571945	22.851373	
-4.331561	-40.270071	
1.877032	-54.904388	
2.080447	35.706384	
4.618857	2.461337	
3.900449	-32.754337	
5.644894	-60.543436	
4.550317	-47.476181	
1.745831	15.061572	
0.944064	36.326410	
-4.037399	-38.989917	
-5.506241	-9.352151	
-3.703555	29.568710	
-3.663821	5.785809	
-1.232385	27.383929	
-1.229752	-34.054495	
1.982523	-6.230008	
2.105453	9.975156	
3.189175	-15.295981	
5.585068	21.844601	
-3.686032	22.601541	
-5.648914	39.646439	
-3.837933	-12.670117	
4.205444	19.505209	
-3.940601	-19.872394	
4.941245	-17.837460	
-0.185995	-16.292822	
2.734937	-34.974750	
-2.103091	-44.798105	
2.092841	-12.775818	
3.092938	18.737259	
4.243906	-3.492703	
-4.903116	35.040436	
4.311444	-24.591629	
-4.325702	28.718805	
0.611926	2.442618	
-1.894818	-19.472061	
-3.070227	-61.941672	
4.319983	34.587805	
-2.815973	-39.912756	
-1.871384	-57.945566	
-2.651279	32.681589	
0.050113	-7.667673	
3.797476	51.620184	
-3.481616	23.586258	
-0.442776	-46.062390	
-2.995651	-19.411075	
-1.836926	-29.150952	
-2.467334	-6.130612	
0.299030	-21.625504	
-1.036844	29.329797	
-2.313721	13.919006	
0.935025	-55.489737	
5.467685	-59.395590	
3.307019	29.390741	
-5.350656	24.205966	
-0.700079	40.418570	
-3.180981	-59.257166	
5.319940	60.618884	
-5.638794	-0.715405	
5.208731	-5.359262	
-0.598026	-44.000018	
1.546579	59.051337	
-2.303149	21.133875	
-3.704996	13.624225	
-3.146448	24.639142	
3.304788	33.639386	
3.051227	-26.336240	
-3.768491	-23.069278	
-1.135150	42.466461	
3.724973	47.578940	
-5.060583	-8.334387	
3.942947	-50.350323	
1.759302	-46.130707	
-4.338773	3.572690	
5.700760	-51.688007	
2.430850	-43.771448	
-1.229654	17.033820	
0.142883	-37.245175	
0.300949	-57.870428	
3.354572	55.571881	
3.292810	-57.827957	
-2.140842	43.950595	
-3.636359	25.641779	
3.044330	37.553534	
3.238342	39.973981	
-4.748288	53.868643	
-3.148297	-36.600769	
1.756717	-53.864294	
2.076138	52.851486	
3.185153	-61.541437	
3.899240	23.158252	
-5.648624	-54.338950	
4.378665	53.158459	
0.535205	0.990054	
3.385739	-27.460284	
1.260117	11.159454	
-4.730374	52.772159	
3.180432	46.392923	
0.963858	-18.829892	
0.952539	30.661456	
-5.723172	-18.714310	
0.988110	53.476630	
-1.143558	60.050668	
4.660858	-53.596103	
4.103448	28.701868	
2.506052	-46.999658	
-2.370813	2.569672	
5.647839	-15.619144	
4.669086	-58.344458	
1.179410	26.494580	
2.241373	-38.405420	
-5.623883	-45.249634	
2.278287	-33.048862	
1.169308	-28.921320	
-5.660501	-27.846710	
-4.628082	-51.130835	
-0.012244	31.110635	
5.283774	-25.521930	
-1.221863	20.714297	
-0.845734	50.395905	
5.434729	-13.795038	
4.289981	10.244604	
5.325891	26.835666	
-0.721814	38.786697	
-3.347433	-31.372504	
5.288315	-42.010864	
-0.558157	-2.389362	
1.025952	0.047345	
-4.201917	-20.837680	
-4.640671	-33.729703	
-4.681113	10.030746	
-0.957977	-41.228915	
-5.705231	-22.209064	
-5.409650	-23.190472	
-0.851224	1.026566	
1.532065	-37.695856	
-2.060132	24.382236	
0.557886	42.512457	
1.438907	-21.605750	
3.034653	-56.627444	
-4.904080	0.105389	
-5.707376	25.158585	
1.505917	38.041824	
-2.752722	-45.819348	
0.185831	10.258331	
-3.784024	34.752911	
2.099240	-51.734180	
-1.583755	37.751440	
1.830438	49.641257	
-2.813864	44.960004	
-2.158121	-49.785883	
3.237512	35.525186	
4.706665	5.135663	
2.498929	-19.828015	
2.411298	-13.888913	
-3.324606	46.708044	
0.285870	-49.725632	
-0.618726	-48.389590	
1.479489	20.156943	
-4.331052	61.963211	
-0.595074	-60.391818	
2.827753	-55.602917	
-4.716293	-30.842029	
-5.629364	-3.243774	
2.062488	0.603232	
-4.490323	-43.711768	
2.300116	-27.991110	
5.730350	-57.467331	
4.398331	-60.634988	
-2.253357	-25.685983	
-4.126276	48.642532	
0.096597	5.272903	
-5.548038	51.976752	
4.324930	-17.019739	
3.750751	-43.740488	
4.155280	44.357538	
-4.246216	31.761789	
3.532950	38.673114	
-5.659888	-33.639264	
4.450974	-41.266431	
1.409045	61.972842	
-4.278131	-13.660806	
-1.740430	26.336896	
-5.705869	-34.683667	
5.567688	4.615250	
3.032944	-4.233658	
-2.279062	-4.571790	
4.700122	-48.483197	
5.561221	-19.008160	
-5.114984	42.479666	
-4.632178	55.841132	
1.020508	48.724756	
4.237436	-5.864883	
-1.509415	-55.451450	
-0.592172	-15.117737	
2.104492	13.274084	
5.734439	-28.225229	
1.521176	34.162473	
1.950391	-34.075082	
3.378592	-2.392294	
3.116293	-6.739059	
-5.740027	-26.627042	
-2.880829	0.342908	
3.567667	-25.429932	
0.974704	17.836435	
-3.875711	45.218765	
-2.961304	18.153329	
4.433438	54.601251	
-2.401700	25.336386	
0.456833	44.382855	
-2.951694	-42.227158	
-4.452399	-28.693463	
5.733130	-32.101416	
-0.537750	-32.354333	
-1.174164	2.003922	
-3.227298	49.887793	
-0.854788	-28.932675	
-4.245593	-21.915790	
-5.115976	1.104892	
-5.225397	26.629327	
0.242969	-5.845047	
-3.890500	4.597116	
-1.177332	-31.518988	
0.120691	-36.123163	
3.380304	-19.347845	
-2.351785	30.642755	
-0.120267	36.192310	
2.819107	15.669891	
-3.928146	-32.290329	
-1.239163	-14.287598	
-4.644269	45.962473	
2.102756	-35.768652	
1.131595	-25.466748	
-1.379068	0.080966	
4.681433	-51.149542	
5.451810	40.455753	
-1.044016	-4.354745	
-0.260974	33.509628	
-4.676633	-24.717981	
3.355130	50.576346	
-2.319446	35.317953	
5.462457	-34.702600	
5.494223	-52.723331	
5.708923	23.879297	
-2.983005	-21.783978	
3.274582	52.763287	
-3.634222	-37.849176	
1.009735	9.561322	
3.631451	-28.618082	
5.659155	31.517566	
-2.783295	-57.528040	
-3.590268	-3.454163	
-0.782114	5.787158	
1.328372	-32.513379	
5.514352	-61.970752	
-4.138931	-61.708490	
5.503702	55.683594	
-3.174103	58.096411	
-2.559549	52.701035	
5.089560	11.963785	
4.438925	-52.258969	
-2.056207	48.674689	
3.453366	-60.007962	
-5.313638	61.138477	
1.067435	-30.095462	
-1.855118	-43.818973	
-5.676614	-13.402338	
4.209192	27.608759	
-2.387994	-7.330618	
3.947653	-38.986215	
-2.653409	56.879916	
-5.104697	49.725842	
-5.651315	-60.915802	
-5.578714	-55.595200	
5.280090	33.970837	
5.662756	49.649246	
5.689218	2.451306	
1.409512	28.243939	
-2.177664	54.147287	
-1.533243	-5.634824	
-4.523856	-27.600018	
2.191095	17.709897	
-2.226773	23.262195	
-1.705872	45.068484	
-1.062079	54.804999	
-4.200540	-9.267587	
-3.239389	-10.179584	
2.367679	-59.595459	
1.257022	-43.275696	
-0.578311	26.297604	
3.820233	-10.724707	
-5.424118	-42.963531	
2.204761	27.195905	
-4.572070	-6.728305	
-1.610870	-36.417401	
-3.592838	-30.147772	
5.166989	-21.360986	
-2.995044	31.606400	
-3.111627	-47.088345	
2.885876	-52.704388	
0.192722	-34.833005	
4.373410	-12.763419	
-2.403226	16.022308	
-2.700214	-24.634827	
2.190549	33.384271	
5.730688	-38.703442	
-1.206033	53.035092	
-4.671658	-60.070050	
-0.864166	-3.365759	
1.434766	-31.419839	
-0.204327	-18.758316	
-1.100644	61.891956	
-3.430331	8.524380	
-3.684216	-56.843399	
3.644946	-13.933035	
5.507208	-46.817142	
-2.073993	38.967502	
-0.006531	-1.272229	
-1.723593	7.797205	
-2.684979	19.485074	
-2.494839	60.068192	
-0.166660	29.883823	
-4.652591	58.211276	
-2.867450	-20.702582	
-4.644617	-47.776303	
-5.634622	43.477255	
-3.698331	-24.350418	
0.527145	52.182712	
1.204190	-24.108099	
4.121500	9.000089	
-0.354013	-33.547510	
5.730035	0.721445	
-3.464337	-5.954343	
0.982236	5.934546	
-4.049249	-35.973804	
5.722644	-35.719861	
0.548672	4.350507	
-4.528238	51.554556	
-5.118723	21.892450	
3.649060	-53.636618	
3.700363	43.375366	
-2.278604	1.320111	
0.295355	22.658441	
4.049857	-46.550253	
-0.255414	3.606534	
-0.605374	18.710733	
2.945288	32.349252	
0.839847	15.751447	
3.999167	40.897729	
-0.832428	44.310052	
-4.047495	-8.277423	
0.541843	38.313422	
-4.661447	29.973407	
-3.562308	12.044424	
0.827625	-42.230225	
-2.278799	-37.239847	
-3.777545	9.570718	
0.234406	19.512140	
5.652905	35.529407	
-5.714636	-47.905804	
0.241385	6.762744	
-3.514410	-16.012860	
5.671387	-43.079163	
2.341864	8.893152	
3.337152	20.070071	
-2.668726	51.700690	
-0.284766	-59.051328	
0.096417	-42.960330	
5.723941	-24.380508	
-0.097638	17.843665	
2.156445	-42.701550	
4.607764	-56.336099	
5.566223	-49.051871	
4.524268	46.324890	
-1.106604	24.071054	
1.614154	-20.449374	
-5.622955	-59.398941	
2.839987	26.181061	
5.721857	18.496112	
-4.575443	36.797440	
4.081818	0.822583	
0.393814	61.995520	
-3.994843	-18.583350	
4.657062	-32.090399	
1.474860	-10.400040	
0.186264	-30.727271	
-5.227597	-10.323291	
2.168695	48.574057	
0.684604	-6.836752	
2.225980	-14.895178	
-2.538202	58.993610	
5.734146	53.271527	
1.125638	14.167917	
-0.840463	-42.389960	
-3.291119	26.871191	
1.492465	31.702185	
5.715622	-45.682941	
-2.479160	42.546002	
1.226010	-58.425027	
-1.087674	-49.425555	
-5.648831	5.081409	
-5.622119	37.155511	
4.690366	56.762509	
-3.710995	57.010660	
-0.113531	41.617227	
-2.910904	-34.361261	
-4.566580	-42.239920	
1.233286	-48.952512	
-5.678745	35.848581	
-0.053479	-4.721780	
-0.043561	48.543671	
-5.568073	60.070148	
3.547702	-39.955624	
-2.637363	40.994394	
2.578940	38.998401	
-3.612524	55.729099	
3.374518	10.717621	
-5.741867	50.547235	
-0.935651	-9.341571	
0.260242	16.842175	
4.478540	18.329782	
3.318362	31.312408	
3.018384	44.355045	
-4.319830	11.168918	
4.768781	3.707214	
2.592279	-36.953442	
-5.143115	-48.906790	
5.030435	24.761023	
5.112057	-54.744949	
3.951517	15.371014	
0.409747	-19.898337	
4.676761	6.334415	
3.345911	-23.963342	
1.548660	-61.872849	
-5.279453	-31.736386	
-5.473950	58.930313	
-1.867596	61.206281	
-4.482074	16.215686	
5.732251	-47.966071	
2.101071	37.162329	
4.663260	-10.009894	
5.589026	-50.681235	
-4.973886	12.468311	
-0.324860	-55.463763	
-3.859323	40.626175	
-3.558682	2.887823	
0.422876	-39.397556	
4.441119	-27.055807	
1.296573	54.863712	
-1.725128	-35.036356	
-5.605624	-5.098758	
1.972812	-9.503345	
1.757639	7.931168	
-0.032498	0.052222	
-5.333340	3.282401	
1.775958	56.396954	
0.926074	-27.855804	
-0.164331	14.826331	
2.303656	47.147617	
4.044894	32.310501	
-0.957056	-0.881192	
2.120694	45.859738	
-2.334384	-14.919238	
-1.097934	47.827811	
-3.654865	18.874600	
-2.166434	-31.145129	
-0.361224	58.958392	
-4.066837	-41.302957	
-1.668726	22.205798	
-0.983475	-54.592023	
-0.344766	-13.182687	
5.500827	-1.641367	
5.566629	43.590189	
-1.503879	31.870029	
-5.479410	-38.527170	
0.610165	49.805270	
4.160547	-22.556619	
1.220459	-14.682843	
1.474951	47.731592	
-5.580859	-28.961642	
5.052151	-2.623117	
-0.500848	-38.897479	
-2.687238	-51.014178	
-3.594724	52.579724	
4.130087	-18.602835	
5.198642	61.821509	
-1.717014	-21.995706	
5.561765	-20.219128	
1.730136	16.680164	
3.524686	6.881570	
-4.939157	-39.436285	
-5.745880	-2.181424	
1.219275	-5.195697	
4.491122	-34.134509	
4.739877	-23.683917	
5.736850	51.345340	
-3.473111	-4.816647	
-5.063589	-32.774896	
4.164792	25.469986	
-1.417972	-11.742282	
-5.517764	-6.147403	
4.360623	-57.367032	
-5.366391	18.044775	
3.787332	14.162787	
-0.206174	53.006317	
-3.153137	10.880624	
1.907559	-7.303113	
2.642264	7.414407	
-3.198245	-49.675546	
2.442419	25.204379	
-2.291019	-17.916669	
1.551920	5.044995	
5.610043	48.509079	
-3.741519	-54.091647	
-4.395700	33.799393	
-2.665994	-38.640448	
3.669067	56.853439	
-0.165900	45.610294	
-1.465259	-16.737854	
2.031616	-3.970981	
5.419553	29.002121	
2.446588	-17.942477	
4.350876	-42.875693	
1.670258	-1.375708	
0.861954	-50.789462	
0.120462	-29.423923	
5.743680	-6.752130	
-5.618164	-20.021524	
0.231302	-56.537839	
-5.487128	-51.814151	
-0.070728	-28.282455	
4.171100	20.795660	
1.352628	-22.641977	
-4.680768	-57.789557	
3.532104	12.436172	
-0.706232	-21.764246	
-4.560724	47.702356	
-5.685458	-25.605954	
1.717673	-52.834894	
-4.047659	35.918222	
-1.843423	-61.318887	
1.104175	35.259198	
-5.050119	19.141501	
-4.863995	13.470462	
4.716977	50.925958	
-0.378290	12.771219	
-5.470377	6.762476	
-3.021674	28.396497	
1.229816	60.059241	
0.422235	-61.769626	
4.414435	-4.494370	
3.394897	-33.654486	
-3.700015	-26.630405	
5.376926	-12.582053	
0.566290	-44.073148	
-2.508362	-30.106955	
-3.110907	-48.365195	
-2.617990	5.325092	
-5.743704	38.321417	
-2.149405	-59.171234	
-5.698764	-37.383984	
-2.145358	-15.959143	
5.539246	-29.260968	
-1.350797	25.201166	
0.043335	60.058853	
0.292813	-41.372379	
2.357504	50.494553	
2.778769	51.675024	
1.196582	-59.700571	
-5.327469	31.745639	
-4.201349	-16.907990	
-3.471686	36.783701	
5.017178	30.165424	
5.355560	14.010138	
1.230847	46.681598	
5.657440	6.936896	
1.462238	39.079398	
-2.721033	33.944318	
4.737665	41.678818	
4.135413	-30.682648	
-1.617072	6.619565	
2.279022	-25.262390	
5.645847	5.846387	
2.843530	61.523459	
2.695651	22.640247	
-0.271445	28.590225	
2.569748	-21.903470	
3.945410	-36.718658	
-1.926932	-3.354529	
2.715567	14.452597	
-1.923383	-56.760770	
5.053784	-31.115250	
0.809802	25.288068	
-3.464764	-27.875784	
-2.856506	3.745746	
3.317181	8.242911	
-2.734592	55.044876	
2.642194	2.039108	
2.564688	57.048703	
-4.697894	25.733066	
-3.354651	41.911099	
5.186292	-11.029248	
-4.790088	57.192804	
0.366672	27.547595	
5.109384	1.510196	
4.140411	11.632065	
-3.689465	38.477927	
5.644571	-3.800040	
-0.137268	20.489841	
4.440198	-1.476990	
4.367758	26.451382	
-1.026233	36.868982	
-0.335648	-51.915125	
3.393552	-12.211292	
3.957626	-49.175122	
-2.343701	-8.450574	
-1.216296	49.455072	
3.985385	60.345721	
-3.297635	16.553442	
-3.454404	39.495172	
2.886493	60.389264	
1.123965	3.327731	
-4.623621	-49.855185	
-2.119803	49.903342	
0.280893	39.741647	
-2.509641	-55.792416	
-5.577100	-56.733228	
0.833304	45.502716	
3.086472	-1.260275	
2.387881	-29.825266	
-0.590695	60.973367	
3.382700	21.640469	
-3.168616	-1.121426	
-0.864108	-37.409579	
-1.418262	-27.339227	
0.277026	37.301660	
-2.255661	27.459854	
-0.072369	55.196680	
-4.793005	-1.408810	
-0.319241	56.459467	
5.008484	17.344751	
1.053491	-40.597336	
4.413358	16.263272	
-4.774625	-19.246472	
1.390814	1.767383	
-5.723694	30.563446	
4.474377	-7.190421	
4.865515	39.099933	
-2.386462	-12.745929	
1.205765	-8.017615	
-0.451218	7.740692	
2.216937	-57.649356	
-3.530426	-33.297534	
0.959607	41.477835	
0.618073	50.863824	
-5.608347	-41.748059	
2.533249	-50.735471	
-0.967410	-23.068417	
2.615298	5.179883	
-2.249313	14.952344	
-3.238760	-17.292538	
5.291574	19.416031	
-2.507977	-54.564456	
4.331998	-20.532950	
-2.232367	-13.772113	
-4.552362	41.526990	
-5.494681	-46.499164	
3.881732	-0.605740	
4.788098	59.083929	
3.646161	-51.319177	
-0.890833	57.700781	
4.192557	48.837915	
4.781833	52.126160	
5.630695	15.950876	
-3.378430	53.963351	
1.138989	40.304550	
2.525821	59.416354	
-5.671463	9.301675	
-2.694879	37.613083	
-1.728217	34.171695	
-5.567151	-44.010703	
-4.634982	-52.566824	
1.977441	-18.907288	
-0.683389	-57.401318	
-2.252347	-51.915350	
-3.102008	-9.150192	
2.914063	-30.928186	
-0.830640	-8.197000	
-3.620602	-2.018369	
-0.808789	-6.446078	
0.549854	-52.500562	
-1.912894	-40.525824	
-3.583832	60.523224	
0.226187	-14.129550	
5.605643	37.899924	
1.645923	18.930560	
