1.148145	-17.772623	
-9.143161	82.069690	
-5.555014	-53.247821	
-8.566315	-10.358414	
4.737775	-60.600116	
-1.180276	38.827521	
3.188940	-49.320804	
-1.796786	-97.133844	
4.413028	59.137686	
4.240512	-68.384225	
-9.319580	4.908478	
5.760861	-49.677884	
9.473990	27.520340	
6.870184	44.346616	
-5.172742	74.485284	
-2.205280	37.035617	
-0.406946	81.082422	
-0.960965	-79.877365	
-5.840170	17.583151	
-8.300815	1.603198	
4.065500	-40.943265	
9.154794	95.294583	
-2.959094	70.113431	
5.679639	-36.046689	
8.898209	-52.225165	
4.612308	-56.018689	
4.295401	81.977716	
5.907947	-84.719733	
9.370740	49.489188	
-1.942194	-66.371637	
-4.975537	6.163458	
-2.097058	-56.085092	
6.897583	-46.138321	
-1.187363	83.225208	
4.406958	-75.281976	
4.175247	13.818903	
7.676700	5.922885	
7.163660	54.588675	
2.621606	51.379636	
-1.788351	87.944791	
9.077942	73.089175	
-6.394751	36.842743	
3.827042	-72.831302	
2.480527	61.057169	
-0.212500	43.356979	
-5.911325	69.632843	
3.166461	-69.188882	
-3.051694	24.197446	
5.577472	-15.776816	
-5.353210	25.769324	
8.302661	47.386932	
-5.632913	43.130399	
-9.037216	73.937045	
-2.612839	-35.263132	
-6.929428	52.295337	
7.133267	-68.427066	
2.219650	-75.400299	
-1.213309	27.759467	
-2.638766	-42.879892	
9.393417	25.115698	
-5.985425	-70.115338	
7.378659	84.788422	
2.969452	81.497226	
0.257968	-23.921548	
-0.258160	72.977173	
-7.729587	-26.415335	
-9.381091	99.156015	
5.246710	-82.764771	
7.919318	-29.771310	
-7.647195	19.745355	
-7.832510	54.893289	
-7.199368	-83.247241	
-1.849249	79.325211	
8.932721	-4.942267	
-8.798044	-83.932690	
-8.821484	-50.480493	
7.206430	32.156284	
2.697858	33.131967	
-5.672195	-83.115625	
-0.961819	-59.863309	
-2.391714	-24.984079	
-7.737296	50.810654	
1.860510	-62.373596	
8.787891	66.116586	
4.271637	68.600140	
-3.420334	-55.587000	
-7.035199	-12.150665	
-8.973532	-98.328058	
5.583054	-8.822787	
-9.362384	-72.389194	
-4.981042	36.587848	
8.740686	33.018179	
3.237903	14.521298	
-4.207703	26.648431	
-4.300342	-74.926337	
2.498337	-26.270367	
1.060107	-11.723550	
6.164026	-95.473328	
-4.598892	18.614783	
-0.354324	-30.508990	
1.564835	-69.816473	
6.102625	-21.765930	
-1.911801	26.233426	
-1.300180	-20.451743	
6.169778	39.213077	
2.201373	-27.702573	
-6.617526	-94.725757	
9.313385	38.171906	
8.203052	-88.506979	
-2.624734	-93.197043	
4.885004	-47.309299	
4.928030	11.593079	
-0.433310	5.838660	
-4.660110	13.140735	
-8.940515	44.554190	
-7.342755	-92.101428	
-9.251190	65.891910	
-3.174005	71.247815	
-2.753415	-14.393872	
-5.421127	53.180917	
0.869089	-8.970547	
-7.699826	-57.994232	
-8.925095	15.485675	
-4.264893	-93.837051	
6.487064	63.483713	
-3.001019	-4.325864	
-4.437265	-63.807178	
-8.204706	96.230283	
1.415320	-10.276178	
2.117081	-99.267044	
-1.177283	69.119379	
7.493570	74.585858	
-1.128323	-51.096436	
-7.343753	41.767596	
-6.486270	-75.466754	
-2.275314	-5.557648	
-4.728659	-47.203485	
-2.032236	-15.385178	
-0.683701	-7.690222	
9.475549	70.943439	
2.871078	50.350851	
-5.341025	72.694186	
-0.050635	-54.460828	
6.459131	93.293152	
3.030322	34.320734	
-5.217801	5.023358	
-2.316534	60.239688	
2.379282	55.743472	
-3.903610	30.465372	
2.990991	82.715710	
-3.225266	1.211783	
-5.499042	23.145947	
-4.197858	-66.825046	
3.843719	-45.344217	
3.863538	-96.697025	
9.364850	86.762225	
0.298270	73.838544	
-8.759082	59.939386	
-0.267969	96.282663	
8.466223	27.087308	
1.538794	7.012991	
5.392252	5.754248	
8.372040	-28.711472	
-6.073401	2.604712	
7.093921	91.285788	
-9.044461	64.795859	
2.204343	21.557373	
-3.158896	16.124484	
3.608606	62.837338	
2.494748	-46.086368	
7.843250	35.942365	
0.577249	-56.614899	
7.511215	-47.100580	
-8.423700	48.438513	
7.156110	-90.605539	
-5.386246	3.579999	
8.269135	17.702438	
3.843448	-58.722031	
-7.687830	-23.843341	
1.577563	14.797928	
-1.457715	56.453958	
7.910019	-96.303699	
4.103943	-26.469543	
2.816830	89.338541	
-9.113620	-43.906430	
-4.849973	-95.906091	
-6.233218	0.430865	
-5.612970	-23.019022	
2.685742	-40.725507	
8.892355	-77.133224	
1.181464	-21.735556	
-8.223706	74.717871	
5.080237	-43.880264	
-1.483380	68.050085	
-2.981622	-83.952335	
-3.849115	-3.619934	
8.852463	-85.623010	
6.173761	14.021625	
1.380942	5.509720	
6.393192	35.249023	
-6.125500	-60.793283	
5.122702	66.328265	
8.740189	-94.835342	
-1.779077	-0.812457	
8.226727	70.645837	
9.283560	-92.816727	
-9.325183	-19.043939	
6.133002	43.124597	
-0.154199	-10.253357	
-7.453601	-14.090787	
-6.141043	-44.370483	
-6.005536	-16.104944	
2.500513	-31.526752	
-1.028168	-5.964529	
3.008463	-16.169940	
3.131595	43.369791	
-5.594754	-5.626041	
0.844476	23.486639	
7.156665	-32.110770	
-4.653391	58.549786	
-8.428128	14.279111	
-4.744315	43.607083	
0.958786	-54.266104	
8.873624	76.651730	
6.840149	28.180368	
-3.584250	-50.076410	
8.908835	9.241681	
-2.807532	-79.873383	
4.374353	34.789175	
-4.031473	-8.534476	
5.288507	-69.165735	
-0.872311	-82.100427	
0.222058	-99.277682	
-7.906693	-53.592139	
2.710416	46.287347	
-0.740649	9.850623	
-7.388074	-36.864478	
-7.072604	-48.755603	
7.763678	-84.905688	
-7.987991	-81.495563	
7.080322	-10.477182	
-1.402213	36.363467	
0.057272	34.239429	
1.207550	50.895963	
0.736340	36.101456	
-3.117236	48.932971	
-8.257462	-19.528397	
8.675702	60.983948	
3.019965	-86.722681	
-6.378909	-18.222000	
-2.977356	72.395529	
-0.901572	-9.329160	
-2.841718	64.481253	
6.325156	8.153488	
8.882080	35.197586	
3.042584	19.692673	
1.480826	10.604636	
9.172729	56.899194	
3.611990	96.208865	
0.664072	20.773294	
-0.202594	-72.338556	
2.913184	-80.432730	
8.952072	69.087198	
3.310486	-32.766635	
-9.495023	-25.843903	
-7.945557	24.495853	
5.316034	91.131866	
-3.671893	37.213766	
-0.221329	8.196704	
-8.190887	40.886420	
8.206979	-68.923471	
-5.151620	-19.168195	
8.258496	-15.558734	
-5.378156	77.400296	
-1.268997	3.420078	
-6.902585	17.279214	
9.486942	-35.565939	
-7.217365	35.128766	
1.962048	75.973520	
7.544208	-99.077100	
-8.296457	-32.050351	
-1.365131	49.927362	
6.877594	79.467734	
-3.820062	63.658887	
4.858771	-12.951312	
4.705829	42.737939	
5.423685	-98.820786	
7.086459	50.172473	
1.539984	-97.848816	
8.391589	-50.257669	
-5.032837	-59.634433	
0.592099	89.117316	
0.627539	32.993860	
-4.736386	-81.391995	
-4.349271	31.939084	
0.578458	-37.910248	
0.229822	-4.259470	
-5.060214	29.578275	
1.535208	44.365015	
2.576752	-0.636176	
-6.360754	-67.981110	
-9.116330	93.786713	
1.703513	-30.637241	
6.635309	19.321460	
-5.316183	97.091409	
-9.281747	-17.945135	
-0.993524	34.056024	
-7.598825	84.103186	
4.977734	46.016544	
0.401025	-53.076089	
9.292764	-67.594058	
-5.725519	-37.272256	
4.954221	51.211700	
-5.866440	89.599820	
-4.368790	-28.370065	
-0.473209	-71.009866	
5.468323	-28.251837	
-7.464359	97.359711	
-3.274301	7.130225	
6.353885	-54.172928	
5.145306	63.983630	
-1.145792	-22.899121	
1.601929	-86.915875	
0.567657	-74.962695	
-3.621725	-98.564362	
-7.984009	-42.578314	
4.770667	82.921573	
-9.458569	-29.326236	
7.144031	-28.389438	
-8.705441	20.404395	
-9.126831	24.032825	
-2.082761	2.043240	
7.322778	-39.243826	
-2.388657	-55.073883	
-5.091153	24.786990	
1.048444	76.473798	
6.307660	-14.852756	
2.311240	25.280173	
1.807819	-91.434604	
2.884927	-74.152380	
-1.375006	-24.499121	
-0.854636	70.157471	
2.788214	59.485904	
-6.173318	-46.757535	
-9.478290	-24.218829	
4.031299	23.324918	
-7.758157	-60.762958	
-0.019412	25.315714	
-6.647748	34.083676	
1.753751	-7.208185	
3.419226	-1.556183	
0.697952	-79.139813	
4.980054	-9.967203	
3.070688	-84.006586	
7.843530	11.537418	
-7.889795	63.538367	
0.029871	46.170270	
-8.423163	32.415424	
-5.095721	57.097531	
9.353470	19.963611	
-3.428043	-36.709937	
9.206799	-26.996457	
-6.851044	-19.404166	
8.958023	12.212369	
6.169238	17.782480	
-9.466327	81.060620	
-2.756546	8.914487	
4.186990	-13.861359	
-5.545731	-80.498599	
-8.469400	9.372821	
5.246185	-18.161972	
-4.718149	35.371353	
-7.743341	59.480969	
-3.552963	61.881696	
4.209518	32.482184	
-0.726929	-61.828262	
2.430322	11.085114	
0.486191	-25.054306	
7.329379	9.435129	
4.850949	-31.878317	
-2.141263	22.498141	
-3.821738	-35.117285	
1.432123	98.235226	
1.478391	16.400949	
5.161673	14.083014	
1.949551	-58.537183	
-4.099203	41.863080	
-0.201288	-89.688586	
-1.233350	65.469836	
6.275162	47.117819	
3.672815	-67.401782	
2.891858	74.538898	
7.160098	-63.691449	
-2.110675	-62.977002	
4.549820	-0.932419	
6.836795	-80.269733	
-4.623654	-38.609686	
0.397607	1.186945	
1.323013	62.692267	
-5.960016	-42.433887	
-8.144962	70.444534	
-0.273807	88.434344	
5.226526	85.897531	
0.478491	90.741928	
6.094171	33.924371	
-2.010703	-26.117883	
-2.698334	2.990085	
-4.974118	-93.092560	
6.620230	-36.903967	
-7.429477	16.056207	
-5.814853	15.031232	
5.159146	35.925967	
-5.935999	-0.879639	
7.200360	94.434280	
2.752252	27.509000	
-9.223975	2.157645	
1.898434	72.285382	
3.075055	30.772031	
-6.295728	63.396103	
1.545407	-82.837268	
1.105374	45.683133	
-5.566214	27.190411	
5.349503	24.139191	
1.608783	-5.097311	
-4.164719	47.128461	
-3.756839	-0.865921	
-0.268350	-20.305753	
2.734338	-36.845114	
8.791092	62.642004	
-0.732773	-27.581125	
0.820081	-57.658560	
-5.241776	8.906897	
5.700006	-72.260211	
9.236356	-57.725262	
-8.939017	94.861508	
-3.764270	11.005450	
7.898672	45.374683	
4.237619	-77.082587	
-7.080289	29.260797	
8.615958	-2.750134	
-0.886789	-14.364841	
-7.065585	-39.949634	
-1.043533	-47.070560	
-6.640793	-63.899872	
9.422382	47.818069	
6.195862	-3.925104	
-0.390640	15.452899	
7.617999	14.337323	
4.736383	48.311807	
-2.466122	-68.512720	
-7.182779	-74.479135	
6.070892	-27.149548	
4.729071	-79.036783	
3.644965	91.361218	
-2.851276	-78.006488	
-8.221320	-67.048981	
8.080960	-66.349789	
-6.218893	12.732648	
-5.217041	65.630191	
-9.476807	7.767953	
-2.873001	13.053235	
4.240060	-11.458350	
-0.618597	-32.151694	
6.142749	-76.764835	
3.685654	44.782257	
-3.127271	99.009677	
2.930710	84.336334	
7.384818	22.817694	
0.987427	79.919287	
-0.457782	-83.266046	
-1.282541	-41.703036	
-0.717389	-40.174164	
2.039618	-96.879337	
-7.537354	-43.688098	
-5.933499	31.614011	
-4.871893	-25.491849	
-3.072025	-29.257184	
1.839243	-34.009891	
-1.799002	11.747165	
-5.838437	28.215033	
8.607806	51.981439	
-5.206573	62.495544	
2.499707	-8.092270	
-0.848123	23.881107	
-5.461328	-34.546530	
0.744180	-16.367572	
-2.409323	-46.465356	
5.671469	1.381226	
-3.052490	-11.341483	
7.010049	-0.978857	
-4.036319	-18.045932	
-6.483548	58.606155	
-7.480634	39.507486	
8.796173	-13.209250	
-3.273260	-89.884781	
-2.458618	38.409448	
6.992133	-60.449887	
2.042413	85.067401	
-8.924631	-52.267288	
0.903503	47.027051	
4.006363	1.127246	
-7.577936	-25.165012	
-4.212729	-15.994739	
-2.380838	-53.577631	
2.115305	-93.360010	
1.381488	-61.390079	
-5.219330	-84.439413	
-3.670679	-65.407129	
7.184164	-97.621854	
-7.141092	25.973828	
-6.968069	-81.392184	
-4.324402	69.312350	
-9.314725	-77.611511	
4.729407	-29.986087	
6.192383	-79.051590	
2.360696	41.368475	
1.373013	55.463406	
8.735046	-22.880029	
-4.581046	-24.353815	
0.411530	93.990088	
3.761081	83.392807	
4.931760	-88.856741	
-5.709052	-48.921967	
-0.796417	37.819235	
9.065518	-24.883987	
-3.194678	40.430975	
4.311154	28.997610	
5.626172	15.014215	
-0.146188	-95.606216	
0.701001	-33.081113	
-6.595169	-33.467792	
1.801978	39.953094	
-0.023315	-29.515186	
-2.469315	-50.892337	
-4.424066	49.717999	
-2.464856	29.818158	
7.174054	43.338797	
-0.262460	60.560153	
-8.101797	-71.125638	
6.131012	59.367944	
-6.050861	33.240073	
-3.233908	89.461081	
-8.279324	-78.341885	
-6.015555	-24.024661	
-8.305490	87.949994	
-7.765396	-3.751953	
-7.689984	12.359457	
-6.800491	-62.403110	
0.981241	39.343967	
0.280551	38.152271	
-8.520517	-33.536990	
-9.472562	-31.689685	
-9.079651	0.067746	
-3.569354	60.563907	
5.810452	-5.060022	
-6.459009	46.279056	
1.198001	25.523236	
6.677426	77.827969	
0.340723	54.105881	
2.392245	-50.995953	
9.289569	-65.147992	
-4.058203	73.330548	
-0.869437	76.374741	
6.544290	25.542548	
-4.972604	93.235849	
-1.049487	-44.512732	
0.244327	-0.292154	
-3.996283	45.642764	
-7.177487	-84.698801	
0.153766	82.230243	
9.098901	-41.508044	
3.344525	85.841248	
0.621149	14.388507	
3.828705	47.568597	
1.703671	-80.683047	
7.998914	-27.659048	
5.476511	67.726440	
9.153241	-66.322098	
5.618173	-22.853000	
-3.828372	-61.826746	
6.626819	-6.541382	
-4.782159	21.663062	
1.618933	-40.079565	
6.399829	-55.373492	
-6.428888	49.330716	
2.257672	87.285883	
-8.950314	-92.928107	
1.132855	68.508289	
-7.408588	-21.476724	
2.538275	-3.566202	
2.475552	-94.898483	
-2.423914	-92.188126	
2.827835	-29.005283	
4.124948	87.471677	
1.846518	30.167398	
3.738248	53.860965	
-7.591919	80.091302	
5.908389	29.536304	
-3.967761	-77.643924	
3.755801	24.341849	
-1.059659	46.897552	
-2.233151	-51.928729	
7.094540	66.629089	
-7.975397	-6.315820	
1.847397	-48.192197	
9.363553	41.836417	
-2.241803	-12.116898	
1.453043	-65.606720	
8.624432	-3.955887	
-8.123535	18.256598	
-9.181189	41.955530	
1.440356	-25.857367	
2.614566	-57.429590	
-0.225763	-49.695001	
-5.682465	34.389194	
1.237714	0.347891	
-4.926358	-29.483160	
3.747375	-79.303888	
-5.970010	-90.512344	
-5.672977	-58.469327	
-8.682581	58.747751	
-6.304538	10.048804	
5.513776	-37.545959	
-0.512241	-33.304303	
6.414337	-18.051215	
5.835602	9.244330	
-7.603656	-98.784122	
4.923868	-5.756293	
-5.127936	84.197394	
-3.481836	-45.506891	
8.498734	92.021497	
-2.938113	5.405042	
-4.506381	-52.556573	
8.412506	88.861511	
0.016873	-77.032523	
1.668149	-68.295767	
8.445453	-36.262558	
1.865353	-85.360172	
3.672446	-38.212955	
3.403635	37.363309	
7.327332	18.479181	
1.385715	78.726636	
-8.781174	-99.420673	
-3.402054	-7.157950	
5.732437	12.363892	
7.826627	1.127371	
8.791745	-98.414099	
9.207196	-10.100314	
2.281796	-60.760809	
-0.461487	-38.911313	
-6.523029	-77.667780	
-0.137463	87.136292	
-1.587692	-29.994913	
2.930405	-22.884332	
-9.096365	29.496289	
-4.903711	64.477243	
5.824020	31.912527	
3.910919	56.088077	
-7.805774	81.884802	
-1.844772	51.000684	
-3.869495	56.426410	
1.715732	81.441727	
8.076819	-89.917432	
-1.522495	-88.524960	
-6.722476	6.469598	
-8.063260	52.506763	
9.176376	2.104654	
-2.896515	-48.651489	
2.611124	-17.095224	
2.325742	96.314990	
3.752985	3.391449	
-9.198578	62.345676	
-3.612195	-47.122421	
-0.927472	57.316025	
-1.825027	55.121350	
0.811664	11.935654	
-9.388287	-20.529144	
-8.058389	-51.705481	
0.015408	77.677328	
6.506491	-44.730112	
2.739969	-38.986172	
5.323849	21.472662	
-9.268777	-75.877716	
2.862512	98.791730	
8.243576	-44.430106	
6.230103	80.422827	
-9.188489	-96.888113	
5.641754	84.105002	
-3.215051	-23.723102	
0.375372	-64.195956	
6.317896	-23.890414	
-0.270096	-22.172537	
6.208212	84.972247	
-1.946677	9.627786	
-0.422391	50.464462	
1.340216	73.147678	
-5.657175	38.729208	
-6.171823	-72.722351	
1.613684	-26.853525	
-3.199869	25.341605	
9.443564	-46.810306	
-0.376456	19.349478	
6.130872	69.862704	
6.406555	37.272046	
0.274734	2.237808	
2.235040	-64.043439	
-4.463513	89.909308	
-5.564548	-64.404501	
-7.936078	-88.500500	
7.957025	2.860568	
6.149854	-30.681598	
5.757928	-11.877469	
-0.695151	-78.321286	
4.727182	-86.589819	
-3.022754	-71.553329	
7.135080	69.870816	
1.101443	19.006360	
1.075668	-49.772174	
-4.000479	-85.648215	
-7.933685	-38.619666	
-9.205844	-94.442130	
2.867206	-12.262207	
6.012402	-51.560059	
5.396893	-91.044934	
-5.455496	-66.756900	
7.439038	-49.413568	
8.435858	64.701782	
4.301434	8.356250	
3.324127	-42.527713	
6.362122	82.340030	
7.533868	-34.129089	
9.108920	50.592212	
4.838547	30.151770	
-0.359937	-57.871011	
-2.100354	-10.188373	
7.591360	72.419589	
-7.409601	-30.028851	
4.881693	58.061780	
-4.519223	-58.221872	
8.280966	-55.648999	
9.159134	29.395010	
-3.813898	-80.502142	
2.690045	-47.589297	
-7.239255	60.758945	
0.324142	21.889484	
-6.664633	-37.776361	
-5.991837	-98.022205	
8.398441	46.285660	
-0.693945	-69.499603	
-0.976538	-11.201266	
4.535770	36.906042	
0.687134	58.776733	
-6.117715	48.075635	
-7.531961	8.533597	
-6.804645	11.874210	
0.317773	-97.749548	
-1.596646	64.182306	
4.326886	-49.064191	
8.798306	-61.142978	
4.843143	-2.105005	
-2.354532	-34.270612	
0.786142	52.609796	
-7.963144	47.019232	
1.002109	4.075354	
-4.983032	79.903983	
-6.828445	-70.920413	
3.819247	89.375604	
7.270416	-4.375351	
-2.640695	-21.723114	
7.111493	31.121915	
-8.652127	-79.635867	
5.715063	94.161914	
2.775552	-97.860641	
-8.569504	-62.777567	
6.509055	64.649649	
8.130917	83.648639	
1.983704	36.910364	
4.145096	-50.180396	
-3.891083	35.951096	
-0.308170	99.076605	
6.345364	-16.592773	
5.021112	-80.211636	
0.625549	9.810675	
6.788681	-64.948297	
-3.651309	-21.530157	
5.319077	10.420175	
-7.150613	-72.169144	
-7.427344	-28.812167	
9.239499	21.239154	
-4.474759	67.200269	
4.712021	-71.164645	
6.170477	-93.477228	
-4.261157	-83.911664	
-0.200058	84.885669	
-8.829373	31.388928	
-7.936063	33.737158	
4.703906	-21.968253	
6.662546	-98.547299	
0.700616	88.073764	
-8.228577	-46.504941	
0.485342	29.172836	
4.457162	-16.986594	
2.976392	-13.618607	
3.267987	80.370544	
-3.145135	51.650818	
-6.355984	82.416208	
6.293045	-2.207333	
7.995352	20.151563	
6.072327	11.348718	
5.804065	-70.859808	
-3.265961	97.976532	
5.858371	42.083716	
-3.636563	-88.318768	
-4.647095	-94.867532	
-6.429980	-54.111841	
-4.802673	37.853085	
7.345279	92.462067	
0.701270	95.349951	
6.272528	-91.713843	
5.703098	-81.051788	
-5.758191	-76.365536	
-8.297778	-90.322226	
7.362915	-93.814682	
3.712399	21.671497	
-1.295236	30.415097	
-6.668237	-36.010895	
-6.997104	-56.374438	
-4.544821	-56.033798	
6.612094	0.950592	
5.488596	56.266113	
8.835822	78.098096	
-3.385474	67.689294	
-7.334308	-9.731067	
1.650021	27.465396	
-4.476929	-22.374191	
5.913647	48.967868	
2.031750	34.948541	
3.943604	52.580112	
9.409000	-36.722916	
-8.071964	-35.835275	
6.978021	83.855829	
5.141458	-97.524722	
-7.124533	87.543570	
-5.473529	-17.003378	
-5.268707	54.668945	
7.286554	-16.089090	
-8.599557	-15.716336	
0.750546	-28.079492	
4.944824	53.791754	
-7.784378	90.529980	
4.020331	72.110336	
-5.133719	42.047571	
7.141525	-66.816010	
2.710690	-65.971924	
1.823380	22.620026	
5.977997	-45.688541	
-3.574127	79.178244	
4.806583	-63.384863	
-1.533197	20.261380	
-6.805612	79.021378	
4.824130	-92.889505	
-5.156830	-57.175961	
-6.705881	18.746341	
2.239447	-71.462158	
6.997522	88.022858	
-9.145813	-64.658920	
-8.774908	88.919595	
2.694699	-21.739993	
6.909015	2.853928	
-7.404407	49.076917	
-0.883640	22.477295	
2.255731	70.961957	
-5.734653	85.288031	
-3.634143	33.348676	
-2.384360	76.016910	
3.343393	-85.216592	
-8.875311	-36.770871	
9.422040	10.901141	
0.564612	59.961902	
0.087405	30.717749	
-4.339758	15.311688	
-4.814627	-75.934445	
-1.767444	-71.770541	
-3.330423	-9.933478	
-7.177567	-1.530621	
7.746375	-72.494992	
3.721579	94.819351	
-7.254178	23.158371	
4.412686	57.092215	
-3.901508	-91.402075	
-6.565143	-59.661264	
-6.749799	-79.286304	
3.098428	-5.219736	
-2.164148	-3.424545	
-3.424954	-20.208163	
-9.198801	86.362421	
6.368161	-48.372272	
0.891049	-19.370786	
-0.800781	-81.071198	
6.443597	74.449005	
-8.427344	-27.235162	
7.577914	78.611621	
7.403647	80.641513	
-8.634219	-73.580630	
-9.177820	-80.533014	
1.860330	94.349887	
-0.403708	-60.872156	
-6.114999	-51.923422	
5.219403	38.407819	
4.464359	-35.696341	
-1.171674	-64.902747	
-3.077792	-81.525076	
7.242929	-51.600940	
-6.401208	56.954605	
3.831366	18.587668	
9.428021	30.764563	
-1.474731	41.666595	
6.591568	-43.183472	
7.283356	61.638055	
4.251309	-34.309149	
3.445798	-76.290912	
6.811050	-12.379172	
8.202362	-63.591766	
-0.300937	89.931183	
8.352368	24.569064	
-4.420422	71.410953	
-5.535110	-32.562491	
1.300330	-76.007376	
-2.160330	83.853998	
6.317249	71.067734	
4.135873	-82.458188	
-6.211035	-12.978455	
7.850369	76.712097	
-8.731165	-48.297855	
-1.795956	-61.600955	
3.539154	-51.455096	
9.476486	-88.092853	
-4.773441	60.371533	
3.776700	-27.833484	
-2.523721	27.106329	
-5.319598	10.438782	
7.957010	57.287711	
-6.864383	-32.158618	
-6.278314	21.548026	
7.094708	-38.178271	
-9.497101	48.378333	
8.393777	-86.949731	
-2.317368	-17.019418	
-1.115604	-94.681369	
5.840619	-75.756912	
8.252756	-12.186871	
1.574850	69.446448	
6.504651	-8.116074	
-4.302319	-72.399304	
-1.822626	14.064386	
8.247275	38.210751	
0.132672	-41.418729	
1.456281	-23.193033	
2.477243	38.110266	
-7.493835	-17.563950	
-8.072620	61.766635	
2.322641	-1.994720	
4.764822	80.344431	
-3.221307	-26.221021	
9.036179	-96.832465	
-7.465811	67.406345	
4.070905	39.926111	
-9.430429	16.763464	
-5.065421	-41.436670	
9.361700	-54.774393	
9.055338	14.259705	
6.413553	5.781870	
7.003467	-73.971249	
-5.430804	-45.849268	
1.188455	48.594287	
-7.094913	5.336835	
-6.496393	97.985535	
5.544092	28.205530	
-3.802023	92.128796	
8.784854	81.121649	
-2.612756	17.392542	
6.155121	96.505865	
-5.613477	-87.939676	
4.056967	98.252521	
-2.748480	-18.211786	
-2.597018	-44.964200	
8.813892	80.100861	
8.625427	59.358572	
3.528296	-88.979047	
-1.187271	18.171896	
-3.248337	55.004156	
-4.021631	-42.274103	
-0.059055	-11.712570	
-8.992731	-3.967322	
4.615973	75.731290	
-0.309500	-91.935355	
-7.962753	64.945706	
-3.436160	-64.060904	
7.462354	-25.317822	
-1.580133	16.531479	
