-5.728091	-15.199219	
-5.748663	-1.159357	
-0.444022	-4.954916	
2.248993	-23.545856	
-0.624155	-50.569608	
-2.194385	-9.078671	
-4.738312	5.978061	
-3.106781	-22.757697	
4.853229	-3.853232	
2.242752	-31.613406	
3.681451	-43.538602	
5.741245	-13.472397	
3.063138	9.671570	
3.535355	-47.173270	
-4.700385	2.845636	
-3.932239	-9.114478	
-1.290134	8.061508	
-0.502066	-26.280594	
-3.119266	-25.798962	
-3.986325	-45.367099	
-4.866888	-14.679590	
-2.974371	1.809564	
5.746707	-58.519058	
3.968338	-6.396930	
-4.513571	-57.920972	
-5.744037	-8.177002	
-1.269211	10.142758	
1.330682	-3.876935	
-3.091217	-52.924481	
4.863925	-13.984045	
-3.854752	4.371683	
1.321054	-8.969348	
2.686746	-60.264774	
-3.952338	-10.119437	
-3.980319	-12.143677	
-5.743802	-6.170966	
-4.742584	-1.252206	
2.234814	-36.639471	
-0.421411	-9.027649	
5.737256	-11.447552	
-2.040018	-55.193378	
3.101993	-0.797272	
4.882077	6.531046	
-1.366171	-28.832996	
-0.465561	-14.128281	
4.709329	-60.252411	
5.748206	-57.507129	
0.156433	11.173575	
-1.282108	-48.843222	
-5.704910	2.852948	
-1.241309	5.983423	
-2.123709	-3.806076	
4.869986	-33.108719	
4.020496	-22.544873	
3.980023	-3.348770	
-0.486896	-24.279089	
-4.871176	-52.887445	
-2.260138	-47.378909	
-5.725455	-20.257568	
-3.094958	-20.718900	
-3.082254	-11.601614	
-3.839639	7.540155	
-4.877872	-56.896429	
4.845959	-39.162811	
3.979129	-26.561722	
-1.425934	-55.988486	
-1.351932	-18.689636	
-3.096027	-14.653952	
-5.744479	-2.159882	
-5.745938	-23.287155	
4.820654	10.697006	
-1.371127	-29.857288	
-3.092496	-18.706540	
-4.562790	-37.850580	
-2.215811	-20.219476	
-4.873700	-54.893127	
-3.992969	-41.329517	
-1.308771	-8.558771	
1.360596	-2.866901	
-2.199948	-11.097318	
-3.881329	9.718802	
2.801215	-57.541232	
-4.862665	-40.826437	
1.356409	7.558356	
-3.105698	-30.874277	
2.216235	-27.586819	
-3.981561	-27.323248	
-0.994873	-38.609433	
-5.748541	-14.195016	
5.715768	-4.366998	
-4.861591	-31.859695	
3.420871	-44.504465	
-2.125479	-54.191400	
-1.263248	-1.273828	
-4.687515	11.508691	
1.264233	-29.314230	
-0.815686	-56.783215	
3.100769	-36.137143	
4.863718	-25.068890	
2.014182	-43.036145	
-2.227359	-32.383835	
1.339630	-0.787390	
-0.606631	-37.647937	
-3.991296	-35.397339	
0.420453	-15.630072	
-4.827713	-8.586923	
5.735126	8.064603	
3.976666	-12.473297	
-4.862881	-29.829587	
2.611780	-55.286667	
1.827582	-57.298532	
-5.745950	-3.163791	
4.873260	-16.993573	
5.726981	-8.407520	
5.736172	-9.414374	
-0.694550	-40.838019	
1.840460	-46.663715	
1.317651	-13.040512	
0.463907	-11.539728	
3.992731	-17.512680	
2.223248	-29.603357	
0.507391	5.985519	
3.874725	-48.879584	
-2.233160	-29.338391	
2.260086	4.945190	
-2.225070	-44.360089	
3.122656	-1.801788	
-1.370767	-22.738843	
-2.224136	-49.381604	
1.356119	0.266614	
2.445407	-44.747574	
0.168570	-59.380948	
1.158890	-61.126758	
-3.986688	-51.388589	
3.998334	-31.608044	
-5.749503	-26.297116	
-0.483563	-19.191690	
2.972113	11.973752	
0.432510	-17.656439	
-1.353070	-21.716959	
2.222394	-14.520187	
2.257175	1.789407	
2.028049	-50.882913	
4.864029	-7.894202	
-5.744138	-0.157971	
-1.346652	-13.655203	
-2.119815	1.273398	
5.748608	-21.524115	
4.179309	-45.199463	
1.255505	-27.304617	
1.047614	-51.086755	
-0.049023	-54.924542	
-3.046387	9.158017	
-5.736755	-60.993381	
3.113202	-33.115591	
-3.108600	-21.737521	
-2.112659	6.494354	
-5.733331	-12.183331	
-3.978275	-23.271350	
-1.223666	3.894073	
-4.874301	-46.860327	
2.696338	-58.536838	
1.918124	-54.554868	
2.219290	-28.593045	
4.875089	-20.019269	
4.872958	-1.826654	
3.996490	-33.619012	
0.719666	-44.206802	
-4.838666	-10.607263	
3.257391	-56.651334	
2.228763	-16.530450	
-3.103040	-50.918884	
-2.195978	-7.010382	
4.416965	-44.218842	
5.746539	4.859702	
-4.757571	-4.395615	
4.689355	-55.502063	
0.387241	-32.884891	
5.718689	-52.764203	
0.935950	-54.745407	
3.109332	-31.105826	
0.438425	10.152838	
-4.851282	-15.687552	
-3.998871	-25.307416	
5.743826	-26.571707	
2.533905	-47.389417	
2.721335	-51.620386	
1.327682	-5.941766	
-3.086380	-13.641809	
-3.891605	-1.782721	
0.051825	-53.927606	
-5.747580	-52.374857	
0.459155	-6.439389	
-3.110303	-43.851010	
-1.303394	-43.860410	
1.353320	8.571689	
-3.010742	10.274475	
1.034772	-43.255243	
-5.741873	-50.365146	
-4.869125	-42.847360	
-5.742587	5.875214	
-3.880313	6.493005	
-2.176263	9.702835	
3.110742	-37.141736	
-0.432846	-5.959073	
-3.119482	-19.714160	
4.003534	1.758041	
4.876627	-31.098703	
0.275186	-47.727335	
5.744708	3.805869	
0.452072	-13.576785	
4.845041	8.671371	
-4.870511	-33.862311	
0.424631	-12.571170	
1.669586	-61.994965	
-3.081174	-8.587177	
5.742786	-16.494180	
-2.227136	-18.199564	
2.211252	-17.532138	
1.281793	-25.223926	
4.052158	-53.748825	
0.173541	-46.137192	
0.667209	-60.255502	
-0.483777	-27.303320	
-2.586789	-60.378909	
1.708542	-42.082913	
0.443417	-8.485913	
1.262421	-31.351123	
-3.103864	-41.831287	
3.985391	-0.313971	
1.617691	-39.431210	
4.011649	-21.536395	
-3.071628	-5.491193	
0.495706	-0.249612	
3.831406	-46.206949	
-1.307831	-10.588132	
4.850195	-36.137079	
4.004556	-1.316812	
4.825320	-45.974545	
1.349097	-50.120688	
-4.876852	-28.828992	
-1.349225	-27.806979	
-5.749442	-31.338123	
5.744983	-0.277829	
3.119913	-24.061209	
-4.823843	-7.556802	
4.873929	-19.015863	
-1.308069	-39.566257	
0.409424	-16.634027	
-3.106189	-34.886658	
-1.235229	2.855258	
2.157690	-53.547351	
2.440326	-52.581076	
-3.989957	-22.270953	
-5.547873	-37.341922	
4.864835	-8.922461	
-4.753159	-5.396082	
-3.103510	-48.894745	
5.729828	-14.490863	
-1.327802	-11.605930	
3.117218	-3.862704	
5.748050	-37.628098	
5.747299	-6.390921	
0.264099	-56.631857	
-5.747351	-17.221738	
0.635660	-39.645779	
4.872424	-27.074490	
-2.108307	10.782617	
1.339932	-18.129523	
-1.353506	-26.805786	
4.882684	-32.101892	
3.108936	-10.950507	
-0.381445	-42.526096	
2.251489	-38.656094	
3.972916	-9.432742	
0.486060	-45.182077	
3.973700	-15.507428	
3.970618	-29.590704	
-1.356497	-35.938840	
0.650989	-49.386685	
-2.438260	-56.114957	
-5.741113	-43.337064	
-1.324728	-9.584653	
-3.106488	-33.885437	
-4.733984	0.804498	
4.860635	-30.092587	
-1.324802	-16.671832	
-4.668710	-36.853308	
4.879962	-23.056198	
2.231711	8.045941	
-3.960367	-40.329208	
-0.365491	6.474561	
3.996475	-24.552649	
-2.253192	-25.286108	
-3.117075	-27.827240	
5.734149	-36.626859	
3.705167	-61.999252	
-4.854535	-16.696310	
1.390359	4.401974	
0.421851	-19.675229	
-2.129318	-0.746552	
0.491373	7.020724	
-2.232678	-52.407938	
1.154187	-45.927713	
-4.848615	-13.677673	
-4.747177	-0.248276	
1.741367	-51.841776	
-1.351428	-30.859915	
-2.816010	-57.041553	
3.122983	-17.018701	
5.748410	-17.505435	
0.463898	-3.376251	
-2.239429	-45.366522	
5.740881	-54.366516	
5.739572	-38.637357	
-0.482965	-32.376147	
5.744604	-33.609750	
-1.349344	-61.997205	
-4.753415	-3.314703	
0.399817	-21.709753	
1.614243	-55.532486	
-0.392825	-0.781299	
-1.249008	1.799615	
4.010083	2.802945	
4.864441	1.222574	
2.225870	-12.509302	
3.539264	-55.683957	
-0.491321	-34.392728	
-3.981427	-31.361731	
-4.865356	-27.824292	
-3.998706	-30.349442	
-2.230725	-16.167352	
3.155524	-53.287811	
-2.240546	-26.287979	
4.877768	-48.923138	
2.246487	-19.537430	
-4.857288	-11.654391	
2.321704	-40.151730	
-2.195676	-12.105243	
0.418021	-25.740964	
2.219266	-10.487607	
3.112244	-32.108539	
-5.745370	-53.380301	
-5.748337	-18.236349	
-4.817065	-6.548932	
-3.114453	-51.922089	
-0.380609	-2.807852	
-5.714468	8.900458	
-3.986594	-26.314471	
-2.234799	-23.258154	
4.845999	-49.924902	
3.976108	-5.385062	
5.749561	-60.256677	
1.668741	-58.388470	
-5.746902	-35.359671	
4.881390	-21.024908	
3.129562	2.279095	
2.183618	-59.398047	
-0.343683	-61.988333	
3.987283	7.012027	
-2.237610	-30.359460	
-0.270563	-48.577780	
3.981271	-35.629846	
-2.199731	-13.115582	
5.744412	-51.459540	
-3.984290	-39.317892	
3.802795	-57.507910	
0.473871	9.141071	
2.244730	-24.550150	
-5.747711	-34.346146	
-0.356506	-58.525531	
-3.988458	-21.262015	
4.006656	-2.346417	
-3.021649	-3.327243	
-0.486938	-23.234845	
-4.863635	-21.775336	
5.746002	-31.596585	
-2.027380	-38.866083	
2.227545	-25.554767	
-0.898456	-59.367200	
2.241049	-37.646057	
4.867792	-12.967130	
5.729425	-12.447739	
-3.833698	2.326868	
5.742084	-42.700952	
-3.103079	-49.914514	
0.396646	-30.846173	
1.269955	-26.267920	
-4.857333	-17.724783	
2.223044	-20.538870	
-1.224249	4.910413	
5.737350	-10.439404	
-0.431427	-3.902466	
-2.176248	7.590704	
3.990549	-7.404816	
1.355130	1.269635	
1.465234	-52.805325	
-3.892862	5.442096	
3.010010	-40.882745	
4.854193	-6.893469	
-3.758130	-36.394916	
-4.863428	-41.834805	
1.242261	-37.488974	
-0.345401	-49.588513	
0.468918	-53.005811	
-3.010400	5.971460	
2.245032	-33.621747	
3.107169	-26.071198	
-4.508542	-61.017114	
-5.744687	-22.282520	
-3.658621	-60.481876	
-1.213644	-41.843808	
4.214676	-59.375153	
1.240179	-35.421146	
-4.861874	-32.860321	
-4.845160	-20.742172	
5.748395	-35.622220	
2.227158	-26.581088	
3.118018	-20.046881	
4.873193	-24.068466	
-1.252426	-3.301373	
-4.850964	-58.864728	
-3.981094	-20.236276	
3.986047	-38.649124	
-1.357504	-34.908014	
3.999933	-19.524234	
5.749243	-50.456186	
5.749698	7.042419	
-1.375452	-45.872549	
3.139102	-45.468796	
5.732285	10.176288	
-0.472629	-21.212561	
4.853748	-26.069763	
-2.168057	8.645547	
-4.855438	-38.813739	
1.255081	-38.497800	
3.985602	-40.657758	
-0.456833	-6.982281	
-0.412918	-11.053632	
-3.232465	-59.572241	
-3.871878	-4.867883	
1.364984	9.600912	
-2.051566	-59.529813	
-5.744394	-5.170465	
0.396619	-33.902512	
4.847461	-41.172189	
-4.003839	-47.369788	
-0.484409	-36.442273	
3.099588	-9.945984	
-3.985596	-17.194272	
4.000928	-27.569345	
-3.860410	-0.767456	
-3.979636	-13.162460	
0.424503	-4.420911	
-5.745035	-10.180389	
-2.351880	-61.997552	
2.234360	0.755566	
-2.251581	-46.372351	
-1.232764	-52.392142	
-1.389154	-46.883533	
-2.119919	0.272229	
-2.220947	-19.207507	
0.385086	-27.809381	
1.725092	-43.995587	
-3.994186	-50.373645	
-3.078891	-54.998065	
-3.990906	-42.334592	
-5.749957	6.875641	
-3.115814	-17.697443	
-1.354150	-19.710980	
2.877237	-54.254047	
3.089737	-4.888019	
-3.484915	-37.376611	
4.319675	-52.785022	
-4.259152	-59.681549	
4.857559	-15.991513	
5.737100	-45.559445	
-4.745392	-61.999655	
3.952704	-51.470905	
-3.855551	1.307324	
-1.648758	-40.516721	
0.482455	1.788867	
4.003708	11.277036	
-1.355664	-31.883850	
-1.347183	-49.876849	
2.229684	-15.520636	
-5.742368	-16.208527	
4.719675	-61.995221	
1.668658	-60.255807	
3.430853	-52.325412	
4.874222	5.387122	
-1.313257	-6.464090	
5.747940	-49.442050	
4.864731	-51.943307	
0.155148	-61.114807	
0.476797	8.058792	
1.297314	-21.161368	
-5.743442	-29.335117	
-2.221933	-31.372650	
-5.735370	0.848541	
-4.873096	-26.811240	
0.429056	-14.583401	
0.537341	3.861923	
4.880008	-0.785590	
3.993698	4.885666	
-1.318924	-5.447696	
-5.738028	-25.292673	
-0.452994	-17.175314	
-1.150284	-57.726404	
4.235748	-56.401697	
-1.320419	-7.520917	
3.687207	-41.621368	
-5.749142	-7.173175	
3.109100	-6.909460	
1.336276	-14.047607	
-3.996298	-24.286636	
-2.236261	-24.268295	
-3.976425	-15.179736	
-0.455994	-12.096829	
2.241559	-48.346774	
5.740082	-55.416324	
-4.733594	4.873929	
-3.980923	-32.375830	
-5.747458	-61.995300	
-3.998828	-48.370853	
-0.464969	-16.145511	
-4.785999	9.271912	
-1.246609	0.771426	
4.868103	0.222467	
-2.109332	2.326590	
4.844669	-5.886072	
-0.385422	1.291623	
-4.874521	-25.799350	
3.973724	-28.585947	
4.863824	-34.117255	
1.378976	3.308960	
4.730420	-58.476566	
-2.184616	-10.097018	
1.297684	-20.158505	
-0.473962	-31.356598	
2.691965	-41.841205	
0.458582	-5.422119	
1.316586	-22.175000	
3.117264	1.239703	
2.219852	-0.273944	
-0.386127	-46.967187	
-4.000266	-54.405829	
-4.860092	-24.790811	
-2.995801	-4.330011	
-5.739371	-38.325714	
-3.109631	-32.884424	
0.997491	-41.376395	
3.104434	-28.080920	
3.110187	-25.063171	
-3.995096	-43.346796	
0.434528	-7.473749	
0.761197	-52.045840	
1.307813	-40.390186	
-1.353970	-60.259512	
-3.992639	-55.409402	
2.222583	10.261841	
-1.374384	-25.773276	
-2.233304	-33.383850	
1.161475	-53.762540	
-2.191638	-4.937061	
-0.228860	-52.259940	
5.737531	-28.579944	
0.409787	-22.720905	
0.378748	-28.823553	
-3.069678	-10.597540	
-3.993414	-53.392993	
-0.351508	-60.250565	
5.743674	-40.651202	
-3.040155	-61.270526	
-2.968222	2.853418	
4.865378	2.277609	
-0.381033	2.324802	
3.102899	-16.016504	
3.123672	6.503052	
5.747665	-18.509164	
0.369888	-37.983292	
-5.739413	-46.357925	
-2.247363	-28.323624	
4.859000	-11.951340	
2.010461	-41.106628	
3.008270	-39.376764	
-3.991382	-29.335309	
0.480237	0.782761	
3.133752	3.300562	
-3.982343	-34.386618	
1.351221	-9.987347	
1.307089	-17.103528	
0.852023	-57.518845	
-0.348984	4.379959	
2.243158	2.802618	
3.975192	-8.425616	
-2.673193	-58.741925	
-4.749942	-2.306067	
5.747729	0.725034	
1.336905	-12.033612	
4.860654	-28.083493	
-3.019910	-2.294315	
-3.970477	-14.167862	
3.107538	-8.929617	
-3.007568	-39.092099	
3.976999	-36.635172	
3.308591	-49.704620	
-3.952765	-8.072977	
-2.243585	-22.248102	
-3.111899	-26.799838	
-2.235498	-34.385776	
-2.138489	-1.791733	
-3.120746	-44.863998	
-0.498007	-45.391190	
-1.260373	-0.248016	
-0.422607	-10.032501	
5.746259	-24.559995	
-5.739920	-32.340427	
3.188132	-61.135690	
4.877820	7.546170	
-2.228958	-21.226639	
1.334186	-4.889462	
-1.332770	-42.851868	
-4.854364	-19.736346	
-0.466202	-15.128372	
-1.256372	7.026413	
3.977292	-14.493335	
4.011398	-20.528729	
2.266446	5.964050	
3.130215	7.533725	
-3.095352	-31.879962	
2.214590	-8.451123	
-5.743597	-40.325845	
-3.270770	-57.935815	
0.331525	-40.622351	
3.114764	-38.148264	
3.096790	-2.855707	
-0.481625	-20.205884	
1.254105	-28.306567	
-5.741595	4.861572	
-3.883423	-57.143457	
-0.473209	-30.342899	
-3.971774	-16.184418	
5.718558	11.231430	
-4.875259	-55.893613	
2.254901	-18.535733	
-4.872876	-35.869647	
-4.746707	8.035736	
4.874197	-2.846585	
4.885452	-22.029385	
-3.887085	-2.812299	
-5.734741	-42.334262	
-4.860950	-43.849985	
5.737851	-61.985184	
1.267776	-33.380643	
-2.213101	-17.180508	
4.790833	-43.269934	
3.989761	-25.557733	
5.746536	-20.522256	
-2.126190	-2.795178	
-3.098566	-42.843829	
3.209982	-59.396878	
3.100504	-12.999048	
-1.196243	-51.390533	
4.879773	3.296613	
5.728134	-15.490863	
-5.749091	-54.387643	
-3.094208	-53.933588	
3.108398	-30.101297	
5.333026	-44.642191	
1.310837	10.711600	
-5.747336	-56.394125	
3.972266	-13.489551	
2.214963	-6.445956	
3.126834	-19.031171	
0.418039	-18.664444	
-2.196915	-5.978122	
-1.367191	-24.764807	
-4.863098	-49.868771	
5.742194	-29.585342	
-2.227231	-15.164243	
4.850082	-10.939380	
-5.119916	-60.194583	
3.101508	-7.926514	
-4.738541	10.312216	
-3.693835	-38.355777	
3.145123	-22.055380	
-2.517230	-39.969543	
5.749826	-23.553409	
4.001794	-32.611374	
-4.002005	-46.369247	
5.215485	-61.119000	
-0.394122	-1.793912	
0.409561	-24.728830	
-5.740134	7.894659	
2.241348	-21.539780	
3.118723	-27.072235	
2.209006	-4.378595	
-1.358554	-33.892804	
1.300107	-23.198529	
-3.957611	-6.014896	
4.838855	-29.091705	
0.651212	-58.500327	
-5.747345	-21.258798	
-4.871503	-45.858725	
0.378238	-36.981888	
-0.339209	-39.874469	
-2.176880	-8.051910	
-0.462369	-22.222308	
-2.204819	-51.399991	
2.227435	-9.455524	
4.872940	-35.133240	
-4.734625	7.014029	
0.380118	-26.798660	
1.317014	-15.085727	
3.122833	-23.055334	
1.325131	-6.952179	
-3.989819	-19.212772	
-0.163040	-57.544397	
-3.988605	-28.332089	
-2.215924	-50.397583	
-2.994510	0.775467	
3.099936	-14.011853	
-5.741602	-49.364990	
-3.913211	8.631195	
2.851001	-46.440631	
-3.129019	-24.784753	
3.110254	-35.137091	
-2.105090	4.408136	
-2.989325	7.001190	
4.859448	-14.985040	
1.667172	-49.165881	
4.003497	3.804617	
5.748135	-48.428369	
-5.747177	-11.182089	
-1.132617	12.098846	
-1.106769	-54.060068	
-4.873349	-18.725290	
1.266956	11.786249	
-1.723346	-37.912454	
2.670203	-61.995587	
-5.742075	-27.319583	
3.990945	-34.621014	
-4.861157	-30.856763	
-1.350070	-15.667068	
3.006992	-50.659717	
-0.482086	-25.279993	
-1.887543	-61.111221	
-0.853683	-61.126633	
3.097922	8.569098	
2.232892	9.073724	
-4.855609	-39.815408	
-1.330869	-12.617422	
3.114566	-34.127432	
2.233890	-2.344943	
3.097290	-29.091766	
-3.864728	10.832050	
-2.991522	-1.265747	
3.767517	-54.710147	
-2.707373	-38.123514	
2.239893	-1.305063	
-1.044989	-55.063089	
-5.746744	-28.325009	
3.985324	0.733389	
-4.877869	-53.891183	
-2.235513	-35.388406	
-2.196436	-43.357211	
5.748001	-32.603662	
4.890640	-42.174252	
4.023517	5.923956	
-1.718182	-53.268744	
-3.986383	-44.352411	
4.848410	-37.138483	
-3.131659	-46.871280	
-0.351099	5.433252	
-3.403760	11.846201	
3.974069	-42.580313	
-3.964801	-11.125140	
-5.748901	-4.166418	
-3.895853	-3.843674	
-5.681131	9.916446	
3.980676	-37.641635	
3.104907	0.219543	
4.512991	-46.945041	
-4.874078	-48.863159	
-2.215701	-57.851041	
5.746198	-3.366833	
0.652112	-42.330728	
3.942282	10.177051	
-3.436896	-56.243628	
5.741245	-46.568399	
-0.429367	-44.381772	
-5.734357	-44.340912	
-1.814978	-56.917422	
5.748407	-22.537418	
3.101535	-5.895450	
2.245297	-32.615701	
3.998193	-30.603052	
-4.835187	-9.596042	
-3.995386	-33.377521	
5.746460	-2.344440	
-5.747369	-55.392462	
2.305038	-56.275128	
3.217477	-48.124994	
0.353336	-50.341876	
4.872656	-38.138696	
0.376785	-35.930539	
4.006042	8.077365	
0.400360	-29.833490	
4.745718	-54.496893	
-0.485373	-29.336145	
0.451968	-10.519308	
-0.421954	-55.863388	
5.747256	-30.593948	
3.144675	5.427252	
-3.120526	-47.891840	
5.734662	-39.639087	
5.363608	-47.503964	
0.387527	-20.702234	
1.385040	2.286899	
-4.002032	-52.391913	
1.305426	-19.157034	
5.745285	-27.579431	
-0.385928	8.570187	
5.714972	-5.377197	
-5.745795	-51.373846	
-0.374081	7.526791	
2.160190	-45.713422	
3.977515	-11.469644	
-1.345233	-17.677982	
1.270969	-32.364502	
5.235880	-59.383069	
3.106830	-11.971167	
-3.871054	0.270181	
-0.441531	-13.102856	
3.990149	-16.507748	
2.232935	-35.631546	
4.207733	-61.133997	
2.245944	-34.630759	
-3.052249	-9.596088	
4.779425	-57.247885	
-1.358899	-23.747156	
-3.735757	-61.999841	
-1.358951	-14.666266	
0.656412	-61.998361	
5.439423	-56.476813	
3.703781	-60.267282	
-3.087677	-12.636810	
3.930945	9.173221	
1.254028	-56.472711	
-5.742026	-45.354361	
0.478067	-1.301608	
2.201749	-11.508670	
-1.364514	-36.961658	
-5.610965	10.928036	
-0.377994	0.267197	
0.857437	-46.892020	
2.330075	-49.920078	
3.119217	10.753949	
0.465021	-9.512912	
1.247375	-36.441913	
-3.104453	-15.680923	
-5.739474	-41.327435	
4.848059	-4.876285	
0.059641	-51.299454	
3.998611	-23.545151	
4.863602	-9.929028	
2.204037	-7.449316	
-2.765549	-36.237933	
0.493933	-2.317847	
0.381113	-34.905936	
3.123181	-18.026364	
-3.078552	-7.578726	
-4.872006	-50.877359	
1.270074	-34.400873	
-3.088525	-16.686609	
-4.869742	-34.869437	
-2.396832	-37.171747	
-5.748566	-36.360373	
3.972488	-39.654736	
4.442923	-47.982776	
4.024573	12.421008	
-3.117191	-45.866144	
1.385593	6.524432	
2.219138	11.295203	
3.986505	-4.364667	
-3.029544	8.136011	
-3.000375	-0.237589	
-2.085901	5.433823	
-2.402005	11.801572	
5.739322	-7.404993	
-1.357309	-32.886005	
2.702176	-43.777682	
-0.040131	-38.908478	
-3.986652	-49.372614	
0.414713	-23.721646	
1.468500	-44.966006	
-2.226791	-42.352878	
-5.730505	-19.247833	
5.743109	2.772610	
0.531799	4.931732	
0.617944	-55.693668	
3.980972	-10.444501	
-0.368024	3.366858	
5.740512	-25.569150	
-1.311191	-4.417212	
-5.747992	3.853659	
2.166772	-61.127173	
-0.495560	-35.422760	
-1.271576	9.097736	
2.215671	-13.513367	
-5.743271	-39.325778	
-3.951624	-7.060880	
-3.116650	-23.784085	
5.743369	9.152307	
-5.722305	-13.186951	
0.502844	2.823801	
-2.980756	3.870163	
-5.744519	-57.399030	
5.718091	1.751004	
-2.245218	-27.308521	
1.322641	-11.015533	
-0.487363	-28.320248	
-3.081216	-40.807858	
-2.213290	-41.350513	
-5.748102	-47.360165	
-1.351376	-44.869052	
3.986249	-50.450018	
-3.847559	3.369650	
-2.185928	-48.377597	
3.999515	-18.514569	
-5.749771	-58.406363	
5.281451	12.547092	
-4.742612	3.859705	
-0.411740	9.622284	
2.216974	-5.410376	
4.874237	-18.011777	
1.183395	-59.360440	
-2.986603	4.913956	
3.705481	-58.507852	
-5.749792	-48.362515	
-0.982867	-47.871069	
0.014642	-43.460538	
4.872076	-50.939206	
2.227094	3.850293	
-1.592407	-58.635028	
2.244913	7.039386	
0.977704	-48.440616	
-4.871283	-23.789804	
-5.743921	-9.178064	
-0.445090	-8.005771	
-2.219492	-14.145322	
-2.096054	3.400870	
-3.978046	-18.206744	
-0.842108	11.106863	
5.746149	-34.621365	
1.316205	-16.097733	
4.858344	-40.163046	
4.828284	9.694821	
-4.726221	1.843878	
5.710944	5.963397	
-5.740399	-59.406436	
3.123389	4.324872	
2.226950	-3.368295	
-4.882471	-47.861060	
-5.738199	-30.336020	
5.745105	-41.652499	
0.392471	-31.869226	
-1.262918	-2.289908	
-3.116653	-28.837967	
-4.861642	-12.674063	
3.100870	-15.013101	
-0.617114	-53.182895	
-4.856107	-44.853787	
1.326529	-7.953680	
5.719839	-43.719089	
5.097601	-53.548642	
1.552176	-47.621463	
2.238446	-30.611163	
2.994705	-42.799582	
-0.020810	-41.588959	
3.129407	-21.053506	
-4.865762	-51.878580	
5.744498	-19.519485	
2.259949	-22.545874	
-0.468298	-18.190582	
-5.739355	-24.291647	
-3.085220	-6.528372	
5.743411	-1.310489	
-5.744296	1.852530	
1.377707	5.470032	
-3.106531	-29.860352	
4.878580	4.355945	
1.351990	-1.794266	
-4.855695	-22.786438	
-5.749921	-33.342035	
-0.482507	-33.383621	
1.272235	-30.330377	
-3.843152	-58.771545	
1.289554	-24.210626	
